          51          19
   3.29479207E-07   7.43254702E-07   1.32790797E-06   2.08433130E-06   3.01232421E-06   4.11148631E-06   5.38148697E-06   6.82209202E-06   8.43314137E-06   1.02145232E-05   1.21661551E-05   1.42879753E-05   1.65799356E-05   1.90419942E-05   2.16741228E-05   2.44762905E-05   2.74484773E-05   3.05906615E-05   3.39028229E-05
   4.76242917E-07   1.07433198E-06   1.91941649E-06   3.01278783E-06   4.35415814E-06   5.94295079E-06   7.77869082E-06   9.86104533E-06   1.21897838E-05   1.47647506E-05   1.75858313E-05   2.06529421E-05   2.39660185E-05   2.75250095E-05   3.13298769E-05   3.53805844E-05   3.96771138E-05   4.42194359E-05   4.90075436E-05
   6.88381590E-07   1.55288649E-06   2.77441222E-06   4.35482889E-06   6.29372471E-06   8.59027114E-06   1.12437883E-05   1.42538011E-05   1.76199865E-05   2.13421281E-05   2.54200677E-05   2.98537016E-05   3.46429442E-05   3.97877375E-05   4.52880340E-05   5.11438084E-05   5.73550387E-05   6.39217105E-05   7.08438238E-05
   9.95016649E-07   2.24461269E-06   4.01026955E-06   6.29469696E-06   9.09730716E-06   1.24169155E-05   1.62525521E-05   2.06035420E-05   2.54694405E-05   3.08499511E-05   3.67448665E-05   4.31540611E-05   5.00774368E-05   5.75149388E-05   6.54665273E-05   7.39321986E-05   8.29119526E-05   9.24058040E-05   1.02413804E-04
   1.43824172E-06   3.24447115E-06   5.79665311E-06   9.09871778E-06   1.31498346E-05   1.79483141E-05   2.34927793E-05   2.97822917E-05   3.68162364E-05   4.45942314E-05   5.31160258E-05   6.23814703E-05   7.23904959E-05   8.31430734E-05   9.46392101E-05   1.06878964E-04   1.19862401E-04   1.33589638E-04   1.48060804E-04
   2.07890253E-06   4.68972667E-06   8.37881726E-06   1.31518836E-05   1.90077626E-05   2.59440621E-05   3.39588478E-05   4.30508298E-05   5.32191953E-05   6.44634711E-05   7.67833917E-05   9.01788517E-05   1.04649851E-04   1.20196470E-04   1.36818868E-04   1.54517242E-04   1.73291846E-04   1.93143031E-04   2.14071115E-04
   3.00495071E-06   6.77879962E-06   1.21112953E-05   1.90107476E-05   2.74755603E-05   3.75023701E-05   4.90885031E-05   6.22322332E-05   7.69325416E-05   9.31889226E-05   1.11001187E-04   1.30369401E-04   1.51293789E-04   1.73774722E-04   1.97812697E-04   2.23408322E-04   2.50562269E-04   2.79275351E-04   3.09548399E-04
   4.34352205E-06   9.79851757E-06   1.75066052E-05   2.74799186E-05   3.97163203E-05   5.42111557E-05   7.09608139E-05   8.99630832E-05   1.11216825E-04   1.34721660E-04   1.60477750E-04   1.88485617E-04   2.18746078E-04   2.51260208E-04   2.86029303E-04   3.23054846E-04   3.62338469E-04   4.03882004E-04   4.47687489E-04
   6.27839790E-06   1.41635246E-05   2.53057005E-05   3.97227195E-05   5.74118421E-05   7.83667856E-05   1.02582846E-04   1.30057422E-04   1.60789554E-04   1.94779481E-04   2.32028251E-04   2.72537611E-04   3.16309714E-04   3.63347295E-04   4.13653353E-04   4.67231352E-04   5.24085015E-04   5.84218476E-04   6.47636247E-04
   9.07525100E-06   2.04732714E-05   3.65798696E-05   5.74213045E-05   8.29943456E-05   1.13290829E-04   1.48305044E-04   1.88034479E-04   2.32479200E-04   2.81641143E-04   3.35523626E-04   3.94131086E-04   4.57468879E-04   5.25543233E-04   5.98361017E-04   6.75929943E-04   7.58258393E-04   8.45355331E-04   9.37230652E-04
   1.31181578E-05   2.95944501E-05   5.28781966E-05   8.30084682E-05   1.19982134E-04   1.63789286E-04   2.14423955E-04   2.71885161E-04   3.36175959E-04   4.07302548E-04   4.85273486E-04   5.70099277E-04   6.61792234E-04   7.60366267E-04   8.65836686E-04   9.78220487E-04   1.09753583E-03   1.22380257E-03   1.35704200E-03
   1.89624061E-05   4.27802879E-05   7.64410433E-05   1.20003489E-04   1.73466295E-04   2.36819149E-04   3.10058153E-04   3.93187394E-04   4.86217643E-04   5.89164847E-04   7.02049350E-04   8.24895105E-04   9.57729470E-04   1.10058312E-03   1.25348987E-03   1.41648646E-03   1.58961315E-03   1.77291327E-03   1.96643383E-03
   2.74108988E-05   6.18432314E-05   1.10509369E-04   1.73499197E-04   2.50817480E-04   3.42457672E-04   4.48424078E-04   5.68734249E-04   7.03416881E-04   8.52510100E-04   1.01606012E-03   1.19412027E-03   1.38675107E-03   1.59401959E-03   1.81600032E-03   2.05277442E-03   2.30443035E-03   2.57106498E-03   2.85278237E-03
   3.96247488E-05   8.94051482E-05   1.59773335E-04   2.50869401E-04   3.62714229E-04   4.95315820E-04   6.48701389E-04   8.22920585E-04   1.01804326E-03   1.23415643E-03   1.47136336E-03   1.72978221E-03   2.00954638E-03   2.31080479E-03   2.63372250E-03   2.97848112E-03   3.34527972E-03   3.73433600E-03   4.14588582E-03
   5.72834615E-05   1.29260181E-04   2.31023994E-04   3.62798659E-04   5.24643634E-04   7.16607261E-04   9.38773039E-04   1.19126507E-03   1.47424475E-03   1.78790838E-03   2.13248539E-03   2.50823935E-03   2.91546830E-03   3.35450680E-03   3.82572715E-03   4.32954077E-03   4.86639887E-03   5.43679483E-03   6.04125997E-03
   8.28171469E-05   1.86901772E-04   3.34102107E-04   5.24786068E-04   7.59101007E-04   1.03719463E-03   1.35928241E-03   1.72565668E-03   2.13668495E-03   2.59280833E-03   3.09454324E-03   3.64248408E-03   4.23730537E-03   4.87976661E-03   5.57071064E-03   6.31106459E-03   7.10183661E-03   7.94411171E-03   8.83904472E-03
   1.19743636E-04   2.70289864E-04   4.83284151E-04   7.59351242E-04   1.09883421E-03   1.50211342E-03   1.96970650E-03   2.50228820E-03   3.10069392E-03   3.76592530E-03   4.49915556E-03   5.30173397E-03   6.17518695E-03   7.12121278E-03   8.14167224E-03   9.23857000E-03   1.04140379E-02   1.16703101E-02   1.30096981E-02
   1.73158784E-04   3.90971516E-04   6.99316559E-04   1.09929335E-03   1.59167557E-03   2.17737723E-03   2.85760919E-03   3.63392336E-03   4.50823084E-03   5.48281474E-03   6.56032702E-03   7.74377724E-03   9.03649908E-03   1.04421051E-02   1.19644329E-02   1.36074834E-02   1.53753562E-02   1.72721874E-02   1.93020869E-02
   2.50451616E-04   5.65724971E-04   1.01242342E-03   1.59255392E-03   2.30784062E-03   3.16042220E-03   4.15311009E-03   5.28947543E-03   6.57387031E-03   8.01139791E-03   9.60784033E-03   1.13695394E-02   1.33032538E-02   1.54160075E-02   1.77149251E-02   2.02070884E-02   2.28993855E-02   2.57983934E-02   2.89102569E-02
   3.62351828E-04   8.18989414E-04   1.46679883E-03   2.30958615E-03   3.35119967E-03   4.59660497E-03   6.05229475E-03   7.72636710E-03   9.62840207E-03   1.17692053E-02   1.41604561E-02   1.68143194E-02   1.97430570E-02   2.29586605E-02   2.64725331E-02   3.02951820E-02   3.44359837E-02   3.89029570E-02   4.37025577E-02
   5.24472794E-04   1.18649146E-03   2.12742458E-03   3.35478433E-03   4.87723295E-03   6.70621730E-03   8.85638874E-03   1.13452803E-02   1.41925532E-02   1.74190607E-02   2.10458785E-02   2.50934064E-02   2.95805838E-02   3.45242023E-02   3.99383418E-02   4.58338782E-02   5.22180647E-02   5.90941869E-02   6.64612502E-02
   7.59604503E-04   1.72073883E-03   3.09065660E-03   4.88479203E-03   7.12271640E-03   9.83013026E-03   1.30383298E-02   1.67822856E-02   2.10982729E-02   2.60215700E-02   3.15844752E-02   3.78146172E-02   4.47336137E-02   5.23559451E-02   6.06880225E-02   6.97274581E-02   7.94624686E-02   8.98715183E-02  0.100923076    
   1.10116170E-03   2.49952381E-03   4.50121053E-03   7.13897822E-03   1.04562761E-02   1.45075489E-02   1.93538778E-02   2.50572152E-02   3.16750184E-02   3.92558277E-02   4.78357933E-02   5.74359037E-02   6.80598542E-02   7.96924159E-02   9.22983363E-02  0.105821840      0.120186850      0.135298088      0.151043057    
   1.59846153E-03   3.63949151E-03   6.58051344E-03   1.04917679E-02   1.54649438E-02   2.16051415E-02   2.90172137E-02   3.77931260E-02   4.80020642E-02   5.96830174E-02   7.28392676E-02   8.74345303E-02  0.103390671      0.120587379      0.138864189      0.158025250      0.177846864      0.198087573      0.218499839    
   2.32500094E-03   5.31865656E-03   9.67573188E-03   1.55430930E-02   2.30981372E-02   3.25185917E-02   4.39518951E-02   5.74922003E-02   7.31642842E-02   9.09127295E-02  0.110595986      0.131986126      0.154775634      0.178592443      0.203022555      0.227638304      0.252028227      0.275823981      0.298720777    
   3.39187565E-03   7.81533029E-03   1.43457856E-02   2.32706703E-02   3.48919071E-02   4.94523309E-02   6.70788884E-02   8.77459943E-02  0.111254960      0.137229338      0.165130079      0.194293708      0.223991632      0.253501415      0.282175601      0.309494019      0.335091114      0.358757585      0.380421847    
   4.97041969E-03   1.15771713E-02   2.15098858E-02   3.52725983E-02   5.32818623E-02   7.57230893E-02  0.102459997      0.132994741      0.166481048      0.201800704      0.237701610      0.272969306      0.306584209      0.337821871      0.366279006      0.391837060      0.414590627      0.434768409      0.452665120    
   7.33168051E-03   1.73420664E-02   3.26898545E-02   5.41151911E-02   8.19436014E-02  0.115851544      0.154777884      0.197003216      0.240414262      0.282900602      0.322741717      0.358837873      0.390732437      0.418479055      0.442450523      0.463165402      0.481166214      0.496950477      0.510941207    
   1.09156333E-02   2.63323374E-02   5.03406487E-02   8.36634114E-02  0.125763580      0.174612850      0.226946384      0.279027700      0.327632099      0.370739937      0.407652199      0.438657314      0.464565396      0.486335069      0.504858315      0.520872772      0.534948885      0.547510982      0.558868170    
   1.64515618E-02   4.05296870E-02   7.81299174E-02  0.128850162      0.189232096      0.253361166      0.314846545      0.369078308      0.414217502      0.450659215      0.479898810      0.503634572      0.523325562      0.540072560      0.554651141      0.567589283      0.579242170      0.589849830      0.599578440    
   2.51752920E-02   6.30918369E-02  0.121028721      0.194253549      0.272573799      0.344992995      0.404914409      0.451358616      0.486653388      0.513883948      0.535623670      0.553663373      0.569146276      0.582775414      0.594981313      0.606033802      0.616110623      0.625336885      0.633807361    
   3.92020717E-02   9.89222229E-02  0.184821680      0.281038910      0.368048400      0.435396105      0.483694434      0.518250823      0.544102907      0.564621747      0.581764460      0.596606374      0.609737456      0.621496975      0.632097721      0.641689062      0.650387406      0.658290029      0.665481746    
   6.20066114E-02  0.154629067      0.272993416      0.382072508      0.461194038      0.512796700      0.547071218      0.571848392      0.591412008      0.607831299      0.622082472      0.634654105      0.645826340      0.655790746      0.664698362      0.672677815      0.679842174      0.686291277      0.692112923    
   9.87225845E-02  0.236038268      0.380039364      0.481491238      0.540144265      0.574842453      0.598476589      0.616856992      0.632276297      0.645643234      0.657372773      0.667710900      0.676843047      0.684926927      0.692101479      0.698488951      0.704195738      0.709313571      0.713921130    
  0.155470923      0.341242909      0.488506913      0.566448569      0.605280936      0.628555417      0.645638585      0.659627259      0.671562433      0.681879759      0.690841377      0.698651612      0.705484688      0.711490095      0.716795087      0.721506357      0.725712657      0.729487777      0.732892811    
  0.236863896      0.456094116      0.581964731      0.635112464      0.660126388      0.675611317      0.687252998      0.696792781      0.704879522      0.711843252      0.717900217      0.723211288      0.727901995      0.732072175      0.735801935      0.739156246      0.742188156      0.744941175      0.747451425    
  0.342431456      0.564627886      0.657329142      0.689934373      0.704220057      0.712976277      0.719698727      0.725397527      0.730408907      0.734875023      0.738877654      0.742476702      0.745722115      0.748657167      0.751319647      0.753742278      0.755953729      0.757978618      0.759838045    
  0.464556366      0.661577404      0.720401347      0.735170841      0.739675164      0.742243052      0.744669616      0.747219145      0.749833405      0.752419412      0.754909515      0.757265151      0.759469032      0.761517584      0.763414919      0.765169621      0.766791880      0.768292427      0.769681931    
  0.584883392      0.736602366      0.767147183      0.768997610      0.766495824      0.764592171      0.763886392      0.764122128      0.764966607      0.766162813      0.767536700      0.768977582      0.770417929      0.771818221      0.773156941      0.774423540      0.775614440      0.776729941      0.777772725    
  0.681272745      0.785258830      0.798278451      0.793049037      0.786544442      0.781904280      0.779161930      0.777812243      0.777386010      0.777541935      0.778050244      0.778761268      0.779579222      0.780443311      0.781315804      0.782173634      0.783003092      0.783796668      0.784550726    
  0.752110362      0.819490969      0.821265280      0.811318099      0.802070439      0.795541525      0.791386247      0.788927436      0.787601948      0.787011087      0.786887646      0.787056208      0.787402630      0.787852705      0.788358569      0.788889229      0.789425015      0.789953351      0.790466666    
  0.801358521      0.842687607      0.837838948      0.825308561      0.814446747      0.806680262      0.801518381      0.798224747      0.796198905      0.795014441      0.794382691      0.794111669      0.794074297      0.794186354      0.794392109      0.794654489      0.794948697      0.795258462      0.795572937    
  0.830913007      0.856882036      0.849387527      0.835987747      0.824399948      0.815920413      0.810090005      0.806192398      0.803630412      0.801973104      0.800924659      0.800285816      0.799922705      0.799745202      0.799692571      0.799723268      0.799808979      0.799930274      0.800073624    
  0.849169016      0.866530061      0.858131409      0.844537139      0.832589090      0.823636830      0.817316413      0.812958479      0.809981704      0.807956755      0.806584060      0.805658698      0.805041373      0.804637134      0.804381013      0.804228067      0.804147124      0.804116428      0.804120481    
  0.859906614      0.873431325      0.865527689      0.852221489      0.840085745      0.830720186      0.823927879      0.819113970      0.815723836      0.813333690      0.811641216      0.810436130      0.809573352      0.808952689      0.808504581      0.808180451      0.807945907      0.807776570      0.807654977    
  0.866455555      0.878466904      0.871497333      0.858660519      0.846478343      0.836827815      0.829678535      0.824508190      0.820788383      0.818102419      0.816147327      0.814709961      0.813641608      0.812838495      0.812228084      0.811758995      0.811394632      0.811108708      0.810882032    
  0.870505273      0.882548511      0.876917183      0.864693880      0.852517843      0.842598796      0.835097373      0.829574406      0.825532079      0.822561383      0.820358634      0.818706453      0.817451417      0.816485405      0.815731764      0.815135777      0.814658225      0.814270377      0.813951254    
  0.873077273      0.885862112      0.881712914      0.870165050      0.858032703      0.847874105      0.840047121      0.834197223      0.829856575      0.826623678      0.824193418      0.822344422      0.820918918      0.819804609      0.818921447      0.818211794      0.817633867      0.817157030      0.816758573    
  0.874788046      0.888684571      0.886082947      0.875250936      0.863197625      0.852830946      0.844706595      0.838555038      0.833938837      0.830463886      0.827823639      0.825792849      0.824209154      0.822956443      0.821951389      0.821133673      0.820459425      0.819896340      0.819420457    
  0.875965297      0.891137600      0.890091479      0.879989803      0.868035853      0.857481956      0.849080980      0.842649400      0.837780833      0.834088922      0.831266105      0.829082787      0.827371836      0.826012552      0.824917674      0.824023604      0.823283911      0.822664082      0.822138548    
  0.876799107      0.893285334      0.893782973      0.884433687      0.872605622      0.861884117      0.853220165      0.846518636      0.841406107      0.837504804      0.834506273      0.832176745      0.830344439      0.828884184      0.827704966      0.826740146      0.825940669      0.825270116      0.824701130    
