          51          19
   8.14314757E-04   1.17601012E-04   2.92993027E-05   1.32774530E-05   8.32882597E-06   6.26200608E-06   5.23893868E-06   4.68373401E-06   4.37159588E-06   4.20030210E-06   4.11792234E-06   4.09578797E-06   4.11702240E-06   4.17117735E-06   4.25151757E-06   4.35356014E-06   4.47424281E-06   4.61143190E-06   4.76361856E-06
   9.79247736E-04   1.41724886E-04   3.53901523E-05   1.60761429E-05   1.01126889E-05   7.62862419E-06   6.40746202E-06   5.75449621E-06   5.39851999E-06   5.21621087E-06   5.14493195E-06   5.15011152E-06   5.21141146E-06   5.31625301E-06   5.45654484E-06   5.62692048E-06   5.82373559E-06   6.04447359E-06   6.28737962E-06
   1.17777800E-03   1.71085514E-04   4.28862804E-05   1.95582707E-05   1.23580667E-05   9.37035475E-06   7.91632010E-06   7.15569422E-06   6.76028867E-06   6.58083809E-06   6.54153246E-06   6.60055684E-06   6.73334625E-06   6.92475123E-06   7.16507657E-06   7.44794261E-06   7.76907109E-06   8.12556391E-06   8.51545610E-06
   1.41694525E-03   2.07110788E-04   5.22483242E-05   2.39783949E-05   1.52546681E-05   1.16537904E-05   9.92603964E-06   9.05060915E-06   8.62843535E-06   8.47794945E-06   8.50696961E-06   8.66472510E-06   8.92148546E-06   9.25902168E-06   9.66577682E-06   1.01342594E-05   1.06595571E-05   1.12384550E-05   1.18688913E-05
   1.70545059E-03   2.51874910E-04   6.41976949E-05   2.97490951E-05   1.91151430E-05   1.47556375E-05   1.27041676E-05   1.17118107E-05   1.12896141E-05   1.12150201E-05   1.13751394E-05   1.17079744E-05   1.21774301E-05   1.27615895E-05   1.34467773E-05   1.42243480E-05   1.50888527E-05   1.60369491E-05   1.70667263E-05
   2.05419306E-03   3.08530318E-04   7.99097106E-05   3.75599520E-05   2.44675739E-05   1.91454892E-05   1.67060098E-05   1.56042388E-05   1.52340108E-05   1.53192723E-05   1.57202303E-05   1.63604745E-05   1.71959127E-05   1.82001913E-05   1.93572778E-05   2.06574477E-05   2.20950042E-05   2.36668948E-05   2.53718754E-05
   2.47702049E-03   3.82005295E-04   1.01340505E-04   4.85839992E-05   3.22191518E-05   2.56349213E-05   2.27222845E-05   2.15390246E-05   2.13205622E-05   2.17184406E-05   2.25566509E-05   2.37396471E-05   2.52130449E-05   2.69450920E-05   2.89172458E-05   3.11190524E-05   3.35452205E-05   3.61938764E-05   3.90654714E-05
   2.99169659E-03   4.80029325E-04   1.31759458E-04   6.48333153E-05   4.39486248E-05   3.56506644E-05   3.21543666E-05   3.09636489E-05   3.10912292E-05   3.20867111E-05   3.37233905E-05   3.58794241E-05   3.84868035E-05   4.15072209E-05   4.49197578E-05   4.87141624E-05   5.28870260E-05   5.74394508E-05   6.23756423E-05
   3.62095167E-03   6.14450197E-04   1.76578294E-04   8.97640930E-05   6.24285458E-05   5.17368899E-05   4.75299785E-05   4.65125086E-05   4.73727778E-05   4.95116255E-05   5.26289514E-05   5.65656665E-05   6.12354488E-05   6.65922707E-05   7.26137878E-05   7.92922583E-05   8.66292830E-05   9.46326909E-05   1.03314560E-04
   4.39333683E-03   8.02636379E-04   2.44570780E-04   1.29277774E-04   9.25407294E-05   7.84655422E-05   7.34580899E-05   7.30418324E-05   7.54204739E-05   7.97723260E-05   8.56886400E-05   9.29568050E-05   1.01466045E-04   1.11162277E-04   1.22024867E-04   1.34053887E-04   1.47262734E-04   1.61673655E-04   1.77315043E-04
   5.34372544E-03   1.06860697E-03   3.49533191E-04   1.93303407E-04   1.42827295E-04   1.24041457E-04   1.18356715E-04   1.19536388E-04   1.25053484E-04   1.33750757E-04   1.45057929E-04   1.58686191E-04   1.74493805E-04   1.92421561E-04   2.12459068E-04   2.34626408E-04   2.58963235E-04   2.85522372E-04   3.14365665E-04
   6.51384518E-03   1.44355930E-03   5.12309780E-04   2.98140250E-04   2.27998564E-04   2.03030824E-04   1.97485642E-04   2.02531388E-04   2.14550149E-04   2.31884711E-04   2.53729755E-04   2.79692729E-04   3.09598952E-04   3.43396561E-04   3.81107006E-04   4.22797661E-04   4.68565500E-04   5.18527639E-04   5.72814723E-04
   7.95390178E-03   1.96586759E-03   7.62890850E-04   4.69609426E-04   3.72724433E-04   3.40765691E-04   3.38049635E-04   3.52036761E-04   3.77531862E-04   4.12160734E-04   4.54794790E-04   5.04916534E-04   5.62334259E-04   6.27041445E-04   6.99143158E-04   7.78814254E-04   8.66275223E-04   9.61777521E-04   1.06559368E-03
   9.72673483E-03   2.68186000E-03   1.14230963E-03   7.46824429E-04   6.16876583E-04   5.79963671E-04   5.87288407E-04   6.21278828E-04   6.74586277E-04   7.43881101E-04   8.27640120E-04   9.25239059E-04   1.03653816E-03   1.16167578E-03   1.30095903E-03   1.45480095E-03   1.62368477E-03   1.80814054E-03   2.00873078E-03
   1.19158905E-02   3.65091604E-03   1.70536037E-03   1.18669926E-03   1.02238951E-03   9.90095432E-04   1.02458498E-03   1.10188406E-03   1.21193856E-03   1.35029515E-03   1.51506404E-03   1.70564977E-03   1.92216295E-03   2.16512312E-03   2.43529887E-03   2.73361732E-03   3.06110876E-03   3.41887306E-03   3.80805833E-03
   1.46384528E-02   4.96000098E-03   2.52835779E-03   1.87158829E-03   1.68342050E-03   1.68118975E-03   1.77970913E-03   1.94733171E-03   2.17093737E-03   2.44501233E-03   2.76758266E-03   3.13848467E-03   3.55855143E-03   4.02919715E-03   4.55219205E-03   5.12952963E-03   5.76335052E-03   6.45589083E-03   7.20945233E-03
   1.80626921E-02   6.75200531E-03   3.72943119E-03   2.92713265E-03   2.74619204E-03   2.82835052E-03   3.06395162E-03   3.41241248E-03   3.85750923E-03   4.39317198E-03   5.01811132E-03   5.73350536E-03   6.54189335E-03   7.44661037E-03   8.45147297E-03   9.56059806E-03   1.07782912E-02   1.21089760E-02   1.35571528E-02
   2.24290937E-02   9.27126408E-03   5.50995581E-03   4.56230668E-03   4.45240457E-03   4.72255424E-03   5.23175439E-03   5.92888379E-03   6.79497281E-03   7.82458577E-03   9.01869591E-03   1.03815859E-02   1.19193560E-02   1.36391530E-02   1.55487424E-02   1.76562555E-02   1.99700315E-02   2.24985294E-02   2.52502486E-02
   2.80703437E-02   1.29310200E-02   8.22663400E-03   7.14713195E-03   7.22770859E-03   7.87521712E-03   8.90668482E-03   1.02581931E-02   1.19089391E-02   1.38563765E-02   1.61066037E-02   1.86701380E-02   2.15598885E-02   2.47900765E-02   2.83756424E-02   3.23318914E-02   3.66742648E-02   4.14181761E-02   4.65789251E-02
   3.54227498E-02   1.84097402E-02   1.25092221E-02   1.13495365E-02   1.18455114E-02   1.32173961E-02   1.52247269E-02   1.77878160E-02   2.08859388E-02   2.45234240E-02   2.87163667E-02   3.34867500E-02   3.88595685E-02   4.48612794E-02   5.15189357E-02   5.88596128E-02   6.69100359E-02   7.56962895E-02   8.52436125E-02
   4.50231135E-02   2.67805718E-02   1.94485784E-02   1.83665585E-02   1.97129101E-02   2.24547498E-02   2.62730438E-02   3.10689341E-02   3.68254520E-02   4.35603783E-02   5.13074435E-02   6.01078644E-02   7.00060576E-02   8.10472816E-02   9.32761282E-02  0.106735542      0.121466011      0.137504876      0.154885665    
   5.74955977E-02   3.96618098E-02   3.08825914E-02   3.02996524E-02   3.33466306E-02   3.86649743E-02   4.58316542E-02   5.47254719E-02   6.53390437E-02   7.77124614E-02   9.19060931E-02  0.107987836      0.126026288      0.146086648      0.168227687      0.192499444      0.218940958      0.247578114      0.278421581    
   7.35510439E-02   5.93383126E-02   4.97761816E-02   5.07059507E-02   5.70948981E-02   6.72130734E-02   8.05099308E-02   9.68387425E-02  0.116205581      0.138676003      0.164334774      0.193265423      0.225538000      0.261200190      0.300269872      0.342728406      0.388514459      0.437518895      0.489580810    
   9.40357223E-02   8.87624696E-02   8.05840120E-02   8.52367058E-02   9.80248749E-02  0.116897136      0.141163915      0.170637891      0.205314174      0.245240420      0.290454417      0.340947449      0.396637976      0.457350969      0.522802174      0.592588305      0.666184962      0.742954075      0.822160780    
  0.120060153      0.131377235      0.129311591      0.142003700      0.166548371      0.200793073      0.243895054      0.295534551      0.355535209      0.423681468      0.499613792      0.582760692      0.672298193      0.767138183      0.865951300      0.967223227       1.06933951       1.17068613       1.26975036    
  0.153197527      0.190881923      0.202984348      0.231113508      0.275986642      0.335681945      0.409045994      0.495215416      0.593189776      0.701576948      0.818464637      0.941411972       1.06756413       1.19387043       1.31735933       1.43540573       1.54593337       1.64751720       1.73938489    
  0.195692331      0.271234065      0.308738619      0.363203019      0.440444946      0.538799644      0.655993521      0.789183915      0.934581459       1.08738005       1.24208045       1.39311862       1.53558731       1.66580427       1.78157151       1.88211346       1.96779156       2.03973079       2.09946799    
  0.250645101      0.377096921      0.453392595      0.547721028      0.671259403      0.821289361      0.991721511       1.17419744       1.35883594       1.53575981       1.69688094       1.83711433       1.95459223       2.05004025       2.12579703       2.18490195       2.23045039       2.26523805       2.29161668    
  0.322272897      0.514846087      0.644588172      0.792910039      0.974310100       1.18054354       1.39624798       1.60415888       1.78977835       1.94466770       2.06691408       2.15932512       2.22699022       2.27539444       2.30940104       2.33290005       2.34882569       2.35931659       2.36590528    
  0.416308224      0.693338811      0.892012835       1.10531175       1.34442008       1.58780348       1.80902493       1.99009991       2.12597942       2.22141457       2.28530192       2.32656145       2.35236192       2.36785984       2.37655210       2.38074279       2.38193440       2.38110948       2.37891650    
  0.539834380      0.918467700       1.19527006       1.46863377       1.73562086       1.96286058       2.13100219       2.24217844       2.30984521       2.34846020       2.36906195       2.37888360       2.38232756       2.38198853       2.37938738       2.37542439       2.37064433       2.36538363       2.35985732    
  0.700131059       1.18471181       1.52684915       1.82179534       2.05553865       2.21196628       2.30293131       2.35064507       2.37335539       2.38245201       2.38424516       2.38208079       2.37773204       2.37216592       2.36593080       2.35935259       2.35263348       2.34590125       2.33923864    
  0.903108418       1.47835445       1.84335840       2.09583306       2.24772644       2.32544732       2.36065507       2.37442017       2.37769294       2.37568402       2.37088108       2.36454630       2.35737658       2.34978890       2.34204578       2.33431697       2.32671309       2.31930375       2.31213140    
   1.14922142       1.77134740       2.09318471       2.25644898       2.32799053       2.35504413       2.36275268       2.36199880       2.35730386       2.35067534       2.34310365       2.33512354       2.32703924       2.31902838       2.31119466       2.30359697       2.29626775       2.28922224       2.28246522    
   1.42873383       2.02540922       2.25411153       2.33638740       2.36253953       2.36787415       2.36478329       2.35778832       2.34885192       2.33899784       2.32882094       2.31868124       2.30879450       2.29928541       2.29021931       2.28162336       2.27350092       2.26584005       2.25862122    
   1.71252334       2.20793104       2.34303260       2.37742424       2.38112116       2.37332606       2.36068058       2.34620786       2.33145952       2.31722260       2.30386186       2.29150915       2.28017306       2.26980162       2.26031542       2.25162721       2.24365115       2.23630714       2.22952294    
   1.96485639       2.31750393       2.38025451       2.38357663       2.37162352       2.35536742       2.33851790       2.32239723       2.30740762       2.29360867       2.28094602       2.26933384       2.25868201       2.24890375       2.23991632       2.23164392       2.22401524       2.21696591       2.21043706    
   2.15722704       2.36624813       2.37666988       2.36058092       2.34169745       2.32381010       2.30747700       2.29261661       2.27904820       2.26661348       2.25519061       2.24468327       2.23501039       2.22609901       2.21788192       2.21029544       2.20328116       2.19678450       2.19075584    
   2.28360868       2.37961173       2.36036444       2.33554769       2.31360173       2.29441500       2.27756977       2.26272821       2.24958777       2.23787904       2.22737384       2.21788549       2.20926332       2.20138693       2.19415855       2.18749905       2.18134212       2.17563272       2.17032337    
   2.35761571       2.38133812       2.34840536       2.31899691       2.29459262       2.27397609       2.25633264       2.24108267       2.22777796       2.21606731       2.20567656       2.19639063       2.18803930       2.18048620       2.17362022       2.16735029       2.16160083       2.15630817       2.15141940    
   2.39309621       2.36933422       2.32694721       2.29441500       2.26903367       2.24844432       2.23129845       2.21675229       2.20423055       2.19332194       2.18372226       2.17520070       2.16757917       2.16071725       2.15450287       2.14884496       2.14366961       2.13891530       2.13453078    
   2.40067697       2.34793305       2.30130577       2.26838160       2.24360418       2.22392511       2.20776939       2.19420815       2.18263316       2.17261887       2.16385603       2.15611434       2.14921761       2.14302921       2.13744068       2.13236499       2.12773180       2.12348294       2.11956978    
   2.39022064       2.32273054       2.27589607       2.24416900       2.22071958       2.20231962       2.18733764       2.17482901       2.16418934       2.15500569       2.14698434       2.13990760       2.13361144       2.12796879       2.12287879       2.11826086       2.11405015       2.11019254       2.10664392    
   2.36821747       2.29331660       2.24750686       2.21783781       2.19641614       2.17980528       2.16636348       2.15518212       2.14569592       2.13752532       2.13040042       2.12412286       2.11854267       2.11354399       2.10903549       2.10494494       2.10121322       2.09779310       2.09464478    
   2.34208322       2.26889539       2.22638583       2.19869280       2.17853165       2.16284275       2.15015173       2.13962555       2.13073492       2.12311721       2.11651134       2.11072326       2.10560536       2.10104322       2.09694743       2.09324646       2.08988261       2.08680940       2.08398843    
   2.31237626       2.24101663       2.20100498       2.17561650       2.15753675       2.14367867       2.13257074       2.12340117       2.11566901       2.10904098       2.10328293       2.09822512       2.09374070       2.08973193       2.08612347       2.08285451       2.07987714       2.07715154       2.07464528    
   2.28348637       2.21795082       2.18152356       2.15820265       2.14153457       2.12877321       2.11857533       2.11018586       2.10313487       2.09710860       2.09188700       2.08731055       2.08326030       2.07964587       2.07639670       2.07345772       2.07078409       2.06833982       2.06609535    
   2.25520277       2.19494843       2.16183996       2.14081240       2.12587214       2.11447263       2.10537648       2.09789586       2.09160829       2.08623457       2.08157969       2.07750201       2.07389569       2.07068038       2.06779242       2.06518197       2.06280875       2.06064034       2.05864978    
   2.22894692       2.17428255       2.14439154       2.12546015       2.11203480       2.10180593       2.09365582       2.08696580       2.08135390       2.07656717       2.07242775       2.06880736       2.06560922       2.06276011       2.06020284       2.05789185       2.05579114       2.05387139       2.05210876    
   2.20492077       2.15571404       2.12876582       2.11166763       2.09955597       2.09035110       2.08303618       2.07704473       2.07202721       2.06775212       2.06405807       2.06082845       2.05797672       2.05543685       2.05315804       2.05110002       2.04923058       2.04752350       2.04595733    
   2.18309212       2.13897181       2.11480474       2.09946704       2.08862710       2.08041835       2.07391691       2.06860280       2.06415558       2.06036496       2.05708599       2.05421519       2.05167651       2.04941201       2.04737782       2.04553819       2.04386568       2.04233718       2.04093409    
