          51          19
   1.28480950E-12   4.25938668E-12   9.95936320E-12   1.92368448E-11   3.29462117E-11   5.19471792E-11   7.71029629E-11   1.09278628E-10   1.49340137E-10   1.98153952E-10   2.56586752E-10   3.25505289E-10   4.05776523E-10   4.98267316E-10   6.03844696E-10   7.23375582E-10   8.57727001E-10   1.00776598E-09   1.17435972E-09
   2.68434775E-12   8.89912102E-12   2.08080584E-11   4.01914647E-11   6.88343896E-11   1.08533030E-10   1.61090918E-10   2.28315394E-10   3.12015774E-10   4.14002277E-10   5.36085676E-10   6.80076939E-10   8.47787285E-10   1.04102793E-09   1.26161037E-09   1.51134583E-09   1.79204573E-09   2.10552176E-09   2.45358533E-09
   5.60839743E-12   1.85928998E-11   4.34741965E-11   8.39718711E-11   1.43815418E-10   2.26757627E-10   3.36566580E-10   4.77018425E-10   6.51893262E-10   8.64973260E-10   1.12004162E-09   1.42088208E-09   1.77127868E-09   2.17501572E-09   2.63587752E-09   3.15764903E-09   3.74411435E-09   4.39905845E-09   5.12626652E-09
   1.17176043E-11   3.88460757E-11   9.08304751E-11   1.75442091E-10   3.00472952E-10   4.73763806E-10   7.03187175E-10   9.96632665E-10   1.36199796E-09   1.80718507E-09   2.34009834E-09   2.96864311E-09   3.70072528E-09   4.54425164E-09   5.50712898E-09   6.59726362E-09   7.82256393E-09   9.19093690E-09   1.07102895E-08
   2.44815487E-11   8.11609668E-11   1.89771768E-10   3.66550457E-10   6.27776942E-10   9.89832660E-10   1.46916601E-09   2.08226036E-09   2.84561641E-09   3.77574416E-09   4.88915797E-09   6.20237373E-09   7.73191022E-09   9.49428713E-09   1.15060228E-08   1.37836382E-08   1.63436535E-08   1.92025915E-08   2.23769696E-08
   5.11492133E-11   1.69569317E-10   3.96489425E-10   7.65832397E-10   1.31161171E-09   2.06805306E-09   3.06952219E-09   4.35045733E-09   5.94533400E-09   7.88864618E-09   1.02148965E-08   1.29585933E-08   1.61542495E-08   1.98363761E-08   2.40394886E-08   2.87981017E-08   3.41467370E-08   4.01199038E-08   4.67521275E-08
   1.06865884E-10   3.54280577E-10   8.28383862E-10   1.60005054E-09   2.74034462E-09   4.32077396E-09   6.41313846E-09   9.08938969E-09   1.24215589E-08   1.64817120E-08   2.13419362E-08   2.70743321E-08   3.37510038E-08   4.14440571E-08   5.02256050E-08   6.01677641E-08   7.13426473E-08   8.38223784E-08   9.76790631E-08
   2.23274566E-10   7.40197292E-10   1.73073944E-09   3.34297878E-09   5.72538905E-09   9.02737174E-09   1.33989380E-08   1.89904164E-08   2.59522999E-08   3.44351605E-08   4.45896049E-08   5.65662752E-08   7.05158172E-08   8.65888907E-08   1.04936156E-07   1.25708283E-07   1.49055950E-07   1.75129813E-07   2.04080578E-07
   4.66486960E-10   1.54649205E-09   3.61602748E-09   6.98447122E-09   1.19620269E-08   1.88608400E-08   2.79943269E-08   3.96765714E-08   5.42219958E-08   7.19451876E-08   9.31608284E-08   1.18183635E-07   1.47328365E-07   1.80909780E-07   2.19242679E-07   2.62641834E-07   3.11422070E-07   3.65898160E-07   4.26384986E-07
   9.74630154E-10   3.23108207E-09   7.55495400E-09   1.45926231E-08   2.49921985E-08   3.94058404E-08   5.84883679E-08   8.28960012E-08   1.13285672E-07   1.50314634E-07   1.94640364E-07   2.46920393E-07   3.07812371E-07   3.77973919E-07   4.58062743E-07   5.48736523E-07   6.50653021E-07   7.64469974E-07   8.90845058E-07
   2.03629336E-09   6.75069378E-09   1.57845399E-08   3.04882946E-08   5.22160448E-08   8.23303452E-08   1.22199310E-07   1.73193982E-07   2.36686887E-07   3.14051249E-07   4.06660746E-07   5.15889155E-07   6.43110525E-07   7.89698845E-07   9.57028192E-07   1.14647287E-06   1.35940695E-06   1.59720480E-06   1.86124055E-06
   4.25442703E-09   1.41042173E-08   3.29785870E-08   6.36990265E-08   1.09094593E-07   1.72012079E-07   2.55309885E-07   3.61852557E-07   4.94507674E-07   6.56144437E-07   8.49632727E-07   1.07784308E-06   1.34364598E-06   1.64991252E-06   1.99951342E-06   2.39532005E-06   2.84020348E-06   3.33703497E-06   3.88868557E-06
   8.88877949E-09   2.94679445E-08   6.89020609E-08   1.33085962E-07   2.27930343E-07   3.59382966E-07   5.33415914E-07   7.56014060E-07   1.03316881E-06   1.37087466E-06   1.77512800E-06   2.25192616E-06   2.80726658E-06   3.44714795E-06   4.17756837E-06   5.00452688E-06   5.93402183E-06   6.97205269E-06   8.12461894E-06
   1.85713560E-08   6.15674338E-08   1.43956882E-07   2.78055438E-07   4.76212165E-07   7.50853587E-07   1.11445729E-06   1.57952752E-06   2.15858222E-06   2.86414593E-06   3.70874704E-06   4.70491614E-06   5.86518399E-06   7.20208345E-06   8.72814690E-06   1.04559085E-05   1.23979007E-05   1.45666581E-05   1.69747145E-05
   3.88012573E-08   1.28633104E-07   3.00768733E-07   5.80938433E-07   9.94942411E-07   1.56874341E-06   2.32841057E-06   3.30006947E-06   4.50987409E-06   5.98399220E-06   7.74860018E-06   9.82987785E-06   1.22540068E-05   1.50471715E-05   1.82355579E-05   2.18453497E-05   2.59027329E-05   3.04338973E-05   3.54650256E-05
   8.10678955E-08   2.68754150E-07   6.28395298E-07   1.21374671E-06   2.07871085E-06   3.27753060E-06   4.86467252E-06   6.89472063E-06   9.42231873E-06   1.25021406E-05   1.61888747E-05   2.05372198E-05   2.56018775E-05   3.14375502E-05   3.80989477E-05   4.56407724E-05   5.41177287E-05   6.35845208E-05   7.40958567E-05
   1.69376591E-07   5.61511342E-07   1.31290426E-06   2.53585677E-06   4.34298136E-06   6.84760516E-06   1.01635223E-05   1.44047754E-05   1.96855290E-05   2.61200130E-05   3.38224818E-05   4.29072097E-05   5.34884712E-05   6.56805496E-05   7.95977176E-05   9.53542476E-05   1.13064409E-04   1.32842455E-04   1.54802619E-04
   3.53883053E-07   1.17317609E-06   2.74304443E-06   5.29808995E-06   9.07357298E-06   1.43062543E-05   2.12338764E-05   3.00946940E-05   4.11272158E-05   5.45700786E-05   7.06619612E-05   8.96415586E-05   1.11747569E-04   1.37218682E-04   1.66293539E-04   1.99210772E-04   2.36208958E-04   2.77526677E-04   3.23402375E-04
   7.39382074E-07   2.45114825E-06   5.73101806E-06   1.10690498E-05   1.89567018E-05   2.98885807E-05   4.43613462E-05   6.28727212E-05   8.59209104E-05   1.14004346E-04   1.47621526E-04   1.87270896E-04   2.33450861E-04   2.86659721E-04   3.47395660E-04   4.16156661E-04   4.93440661E-04   5.79745392E-04   6.75568299E-04
   1.54483428E-06   5.12127508E-06   1.19737142E-05   2.31257145E-05   3.96038158E-05   6.24411696E-05   9.26751673E-05   1.31345310E-04   1.79491995E-04   2.38155902E-04   3.08377639E-04   3.91197536E-04   4.87655605E-04   5.98791346E-04   7.25643884E-04   8.69251555E-04   1.03065220E-03   1.21088291E-03   1.41098013E-03
   3.22775281E-06   1.07001324E-05   2.50162411E-05   4.83135373E-05   8.27357944E-05   1.30440545E-04   1.93593893E-04   2.74365913E-04   3.74928000E-04   4.97451460E-04   6.44106884E-04   8.17063381E-04   1.01848866E-03   1.25054840E-03   1.51540653E-03   1.81522407E-03   2.15215981E-03   2.52836896E-03   2.94600357E-03
   6.74413332E-06   2.23564457E-05   5.22645350E-05   1.00930447E-04   1.72829372E-04   2.72464618E-04   4.04356193E-04   5.73030557E-04   7.83014984E-04   1.03883434E-03   1.34500919E-03   1.70605478E-03   2.12647929E-03   2.61078356E-03   3.16345855E-03   3.78898485E-03   4.49183071E-03   5.27644856E-03   6.14727335E-03
   1.40916636E-05   4.67108584E-05   1.09188135E-04   2.10832528E-04   3.60979117E-04   5.69018652E-04   8.44371680E-04   1.19646627E-03   1.63472479E-03   2.16855621E-03   2.80735013E-03   3.56047228E-03   4.43725893E-03   5.44701004E-03   6.59898156E-03   7.90237542E-03   9.36632976E-03   1.09999022E-02   1.28120584E-02
   2.94450347E-05   9.75957082E-05   2.28091812E-04   4.40332835E-04   7.53764296E-04   1.18793582E-03   1.76244148E-03   2.49686837E-03   3.41076381E-03   4.52360976E-03   5.85480081E-03   7.42362021E-03   9.24920570E-03   1.13505153E-02   1.37462765E-02   1.64549351E-02   1.94945931E-02   2.28829384E-02   2.66371779E-02
   6.15289318E-05   2.03906748E-04   4.76403191E-04   9.19363170E-04   1.57319370E-03   2.47847452E-03   3.67581239E-03   5.20570762E-03   7.10844714E-03   9.42400750E-03   1.21919373E-02   1.54512124E-02   1.92400608E-02   2.35957541E-02   2.85543688E-02   3.41505408E-02   4.04172055E-02   4.73853536E-02   5.50837889E-02
   1.28578264E-04   4.25988052E-04   9.94718284E-04   1.91836932E-03   3.28054791E-03   5.16505400E-03   7.65546644E-03   1.08347144E-02   1.47846434E-02   1.95855089E-02   2.53153387E-02   3.20491828E-02   3.98582555E-02   4.88090366E-02   5.89623749E-02   7.03726709E-02   8.30871090E-02   9.71450135E-02  0.112577304    
   2.68705771E-04   8.89768300E-04   2.07562628E-03   3.99840018E-03   6.82978006E-03   1.07411426E-02   1.59020945E-02   2.24786941E-02   3.06313187E-02   4.05120514E-02   5.22616915E-02   6.60066009E-02   8.18556771E-02   9.98976678E-02  0.120198980      0.142801970      0.167723924      0.194956362      0.224465117    
   5.61563531E-04   1.85764837E-03   4.32576193E-03   8.31621978E-03   1.41766658E-02   2.22506169E-02   3.28710377E-02   4.63518389E-02   6.29776865E-02   8.29929709E-02  0.106591322      0.133906811      0.165007681      0.199892804      0.238490924      0.280662239      0.326202571      0.374849170      0.426288664    
   1.17355306E-03   3.87480273E-03   8.99443310E-03   1.72308218E-02   2.92687062E-02   4.57657315E-02   6.73216134E-02   9.44405794E-02  0.127493873      0.166688934      0.212050259      0.263413221      0.320430726      0.382590592      0.449241668      0.519626141      0.592915535      0.668247819      0.744762719    
   2.45195534E-03   8.06804094E-03   1.86258294E-02   3.54658216E-02   5.98581769E-02   9.29196924E-02  0.135483712      0.187979713      0.250357598      0.322071731      0.402122170      0.489139795      0.581499159      0.677442491      0.775200009      0.873094738      0.969623983       1.06351280       1.15374041    
   5.11991000E-03   1.67453922E-02   3.83054353E-02   7.21840560E-02  0.120401129      0.184237108      0.263858765      0.358166695      0.464907080      0.580981791      0.702853858      0.826951563      0.950003147       1.06926405       1.18262911       1.28864610       1.38645768       1.47570300       1.55640495    
   1.06753949E-02   3.45463566E-02   7.78066814E-02  0.143947616      0.234800875      0.349499762      0.484215945      0.632887542      0.788464308      0.944136977       1.09421933       1.23457992       1.36268151       1.47736549       1.57852066       1.66674423       1.74305141       1.80865717       1.86482692    
   2.21848581E-02   7.04101473E-02  0.154240012      0.275850713      0.431898862      0.612993002      0.806231022      0.998770297       1.18042648       1.34470046       1.48856163       1.61160350       1.71507764       1.80108905       1.87203622       1.93027520       1.97794735       2.01691198       2.04873800    
   4.57647257E-02  0.140083790      0.291927069      0.492206007      0.721929312      0.957912743       1.18048632       1.37747145       1.54405427       1.68060970       1.79030478       1.87733090       1.94587994       1.99967170       2.04180861       2.07478857       2.10058522       2.12074256       2.13646173    
   9.29539502E-02  0.266289860      0.510540426      0.789299548       1.06626046       1.31496131       1.52275801       1.68811321       1.81566250       1.91222930       1.98457599       2.03847599       2.07851124       2.10818148       2.13010836       2.14623809       2.15801120       2.16649580       2.17248654    
  0.182748407      0.466806293      0.794480145       1.10999739       1.38282192       1.60082352       1.76577461       1.88643062       1.97303843       2.03462672       2.07823658       2.10904074       2.13073277       2.14591765       2.15642810       2.16355848       2.16822648       2.17109013       2.17262292    
  0.337222904      0.725112021       1.07792115       1.37244034       1.60375524       1.77587509       1.89940190       1.98624992       2.04663754       2.08833909       2.11694932       2.13639545       2.14940953       2.15789032       2.16316199       2.16615319       2.16751885       2.16772413       2.16710234    
  0.559552252      0.977163434       1.29024649       1.53649640       1.72422183       1.86111963       1.95791030       2.02509356       2.07119346       2.10252810       2.12358403       2.13748622       2.14639831       2.15181875       2.15478826       2.15603518       2.15607095       2.15525794       2.15385365    
  0.806439459       1.16182494       1.41476536       1.61916304       1.77652764       1.89128602       1.97219002       2.02819729       2.06658387       2.09269190       2.11027288       2.12191606       2.12940288       2.13396382       2.13645506       2.13747764       2.13745737       2.13669825       2.13541889    
   1.01333988       1.27297604       1.47950244       1.65681982       1.79595613       1.89815354       1.97045159       2.02058244       2.05494952       2.07830286       2.09400201       2.10437512       2.11102796       2.11506963       2.11727023       2.11816955       2.11814761       2.11747551       2.11634636    
   1.15010369       1.32978296       1.50521755       1.66501176       1.79298878       1.88808072       1.95596063       2.00342083       2.03623748       2.05875611       2.07407665       2.08436275       2.09111309       2.09536719       2.09785056       2.09907269       2.09939432       2.09907341       2.09829545    
   1.22567534       1.35200560       1.50637114       1.65433371       1.77556586       1.86711943       1.93339407       1.98035240       2.01326919       2.03620005       2.05208254       2.06299019       2.07037282       2.07524538       2.07832026       2.08010149       2.08094835       2.08111906       2.08080029    
   1.26259005       1.35641956       1.49626100       1.63594425       1.75293934       1.84284234       1.90892744       1.95642173       1.99017990       2.01403928       2.03083348       2.04259181       2.05075002       2.05632234       2.06002641       2.06237388       2.06373167       2.06436539       2.06446815    
   1.27815735       1.35166335       1.47996128       1.61282086       1.72662735       1.81569517       1.88223159       1.93077266       1.96578646       1.99091578       2.00890565       2.02175140       2.03088188       2.03731585       2.04178190       2.04480290       2.04675770       2.04792166       2.04849744    
   1.28372741       1.34563482       1.46542394       1.59261918       1.70353687       1.79166925       1.85838699       1.90764976       1.94359350       1.96969032       1.98860621       2.00230479       2.01220679       2.01933408       2.02442122       2.02799988       2.03045607       2.03207278       2.03305888    
   1.28287351       1.33381367       1.44405305       1.56537640       1.67392945       1.76203394       1.82995963       1.88093090       1.91867435       1.94646537       1.96689260       1.98190379       1.99293125       2.00101829       2.00692463       2.01120353       2.01426148       2.01639819       2.01783609    
   1.27975214       1.32272363       1.42466283       1.54050136       1.64663684       1.73446405       1.80328298       1.85564744       1.89490283       1.92413783       1.94586492       1.96201181       1.97401750       1.98294222       1.98956501       1.99445879       1.99804652       2.00064230       2.00248051    
   1.27480030       1.30934751       1.40247595       1.51281476       1.61679292       1.70470500       1.77478981       1.82888579       1.86994052       1.90085387       1.92406714       1.94149625       1.95459402       1.96444452       1.97185159       1.97741115       1.98156619       1.98464727       1.98690283    
   1.26918626       1.29554331       1.37976849       1.48450184       1.58623862       1.67419028       1.74553847       1.80139649       1.84429860       1.87694263       1.90169024       1.92044055       1.93465889       1.94545293       1.95365250       1.95987809       1.96459413       1.96814954       1.97080755    
   1.26324487       1.28147769       1.35665655       1.45561767       1.55496168       1.64284563       1.71539927       1.77299786       1.81774449       1.85212171       1.87840331       1.89846849       1.91379452       1.92551351       1.93448281       1.94134879       1.94659889       1.95060122       1.95363474    
   1.25717688       1.26732850       1.33347940       1.42665291       1.52352560       1.61123919       1.68490863       1.74418235       1.79072881       1.82680726       1.85459697       1.87595272       1.89236116       1.90497768       1.91468692       1.92216146       1.92791164       1.93232524       1.93569756    
