          51          19
   3.36598077E-07   7.55321537E-07   1.34492154E-06   2.10700546E-06   3.04161540E-06   4.14825672E-06   5.42642147E-06   6.87571719E-06   8.49586377E-06   1.02866661E-05   1.22479896E-05   1.43797424E-05   1.66818591E-05   1.91542949E-05   2.17970191E-05   2.46100117E-05   2.75932562E-05   3.07467490E-05   3.40704792E-05
   4.86532940E-07   1.09177483E-06   1.94401105E-06   3.04556625E-06   4.39650285E-06   5.99610803E-06   7.84365147E-06   9.93856884E-06   1.22804577E-05   1.48690424E-05   1.77041347E-05   2.07856028E-05   2.41133603E-05   2.76873507E-05   3.15075304E-05   3.55738848E-05   3.98863958E-05   4.44450561E-05   4.92498766E-05
   7.03255466E-07   1.57810098E-06   2.80996755E-06   4.40221766E-06   6.35494462E-06   8.66712435E-06   1.13377064E-05   1.43658808E-05   1.77510774E-05   2.14929059E-05   2.55911000E-05   3.00454885E-05   3.48559515E-05   4.00224235E-05   4.55448571E-05   5.14232379E-05   5.76575658E-05   6.42478481E-05   7.11941102E-05
   1.01651642E-06   2.28106296E-06   4.06167374E-06   6.36321329E-06   9.18582464E-06   1.25280376E-05   1.63883469E-05   2.07655994E-05   2.56589828E-05   3.10679534E-05   3.69921545E-05   4.34313479E-05   5.03854026E-05   5.78542349E-05   6.58378194E-05   7.43361597E-05   8.33492813E-05   9.28772424E-05   1.02920116E-04
   1.46931939E-06   3.29716636E-06   5.87097702E-06   9.19779359E-06   1.32778387E-05   1.81090090E-05   2.36891556E-05   3.00166394E-05   3.70903290E-05   4.49094769E-05   5.34736027E-05   6.27824265E-05   7.28357918E-05   8.36336549E-05   9.51760303E-05   1.07462984E-04   1.20494638E-04   1.34271133E-04   1.48792664E-04
   2.12382565E-06   4.76591231E-06   8.48629588E-06   1.32951754E-05   1.91929066E-05   2.61764944E-05   3.42428903E-05   4.33897912E-05   5.36156294E-05   6.49194189E-05   7.73005449E-05   9.07587164E-05   1.05293824E-04   1.20905897E-04   1.37595096E-04   1.55361675E-04   1.74205925E-04   1.94128224E-04   2.15128981E-04
   3.06988932E-06   6.88895807E-06   1.22667470E-05   1.92180414E-05   2.77434265E-05   3.78386649E-05   4.94994674E-05   6.27226473E-05   7.75060907E-05   9.38485464E-05   1.11749330E-04   1.31208217E-04   1.52225271E-04   1.74800822E-04   1.98935333E-04   2.24629461E-04   2.51883961E-04   2.80699664E-04   3.11077543E-04
   4.43739691E-06   9.95782284E-06   1.77315069E-05   2.77799154E-05   4.01040343E-05   5.46979390E-05   7.15556744E-05   9.06729256E-05   1.12046961E-04   1.35676324E-04   1.61560456E-04   1.89699451E-04   2.20093891E-04   2.52744765E-04   2.87653325E-04   3.24821100E-04   3.64249834E-04   4.05941391E-04   4.49897896E-04
   6.41410861E-06   1.43939551E-05   2.56312160E-05   4.01571087E-05   5.79733642E-05   7.90718332E-05   1.03444429E-04   1.31085486E-04   1.61991775E-04   1.96161927E-04   2.33595973E-04   2.74295016E-04   3.18260863E-04   3.65496060E-04   4.16003604E-04   4.69786901E-04   5.26849821E-04   5.87196555E-04   6.50831673E-04
   9.27145538E-06   2.08066849E-05   3.70512826E-05   5.80507767E-05   8.38082924E-05   1.14312941E-04   1.49554064E-04   1.89524755E-04   2.34221763E-04   2.83644709E-04   3.37795413E-04   3.96677380E-04   4.60295385E-04   5.28655364E-04   6.01764070E-04   6.79629215E-04   7.62259122E-04   8.49662989E-04   9.41850536E-04
   1.34018492E-05   3.00770880E-05   5.35614781E-05   8.39216518E-05   1.21163466E-04   1.65272955E-04   2.16237007E-04   2.74048216E-04   3.38704849E-04   4.10209759E-04   4.88569262E-04   5.73792495E-04   6.65890868E-04   7.64877768E-04   8.70768214E-04   9.83578968E-04   1.10332819E-03   1.23003556E-03   1.36372237E-03
   1.93726519E-05   4.34793910E-05   7.74326109E-05   1.21330377E-04   1.75183901E-04   2.38976820E-04   3.12694814E-04   3.96332674E-04   4.89894184E-04   5.93390490E-04   7.06838502E-04   8.30260164E-04   9.63681377E-04   1.10713183E-03   1.26064464E-03   1.42425613E-03   1.59800588E-03   1.78193685E-03   1.97609514E-03
   2.80042677E-05   6.28568159E-05   1.11950794E-04   1.75431574E-04   2.53321166E-04   3.45603825E-04   4.52268636E-04   5.73319616E-04   7.08775420E-04   8.58667074E-04   1.02303573E-03   1.20193139E-03   1.39541226E-03   1.60354364E-03   1.82639807E-03   2.06405553E-03   2.31660320E-03   2.58413563E-03   2.86675501E-03
   4.04832244E-05   9.08766015E-05   1.61873802E-04   2.53692560E-04   3.66376800E-04   4.99920337E-04   6.54328091E-04   8.29630124E-04   1.02588150E-03   1.24315871E-03   1.48155750E-03   1.74119067E-03   2.02218723E-03   2.32469244E-03   2.64886743E-03   2.99489009E-03   3.36295506E-03   3.75327491E-03   4.16607969E-03
   5.85259768E-05   1.31400258E-04   2.34095249E-04   3.66941647E-04   5.30028308E-04   7.23381294E-04   9.47051158E-04   1.20113348E-03   1.48576789E-03   1.80113513E-03   2.14745291E-03   2.52497545E-03   2.93399207E-03   3.37482919E-03   3.84785002E-03   4.35345573E-03   4.89208708E-03   5.46422275E-03   6.07038056E-03
   8.46164839E-05   1.90022212E-04   3.38613871E-04   5.30902995E-04   7.67071557E-04   1.04723126E-03   1.37154863E-03   1.74027414E-03   2.15374329E-03   2.61237309E-03   3.11666052E-03   3.66718206E-03   4.26459545E-03   4.90963971E-03   5.60313789E-03   6.34599244E-03   7.13918544E-03   7.98377208E-03   8.88087694E-03
   1.22351266E-04   2.74855614E-04   4.89953847E-04   7.68456433E-04   1.11074001E-03   1.51712529E-03   1.98805658E-03   2.52414611E-03   3.12618166E-03   3.79512599E-03   4.53211693E-03   5.33847045E-03   6.21567480E-03   7.16538914E-03   8.18942767E-03   9.28974804E-03   1.04684299E-02   1.17276553E-02   1.30696828E-02
   1.76941539E-04   3.97682772E-04   7.09257438E-04   1.11298927E-03   1.60966755E-03   2.20010499E-03   2.88539962E-03   3.66701046E-03   4.54677362E-03   5.52690728E-03   6.61000144E-03   7.79900188E-03   9.09717195E-03   1.05080530E-02   1.20354053E-02   1.36831524E-02   1.54553195E-02   1.73559692E-02   1.93891488E-02
   2.55946070E-04   5.75647922E-04   1.02739176E-03   1.61342137E-03   2.33541802E-03   3.19534307E-03   4.19583311E-03   5.34031587E-03   6.63302606E-03   8.07896350E-03   9.68380831E-03   1.14538008E-02   1.33956000E-02   1.55161293E-02   1.78224221E-02   2.03214735E-02   2.30201054E-02   2.59248409E-02   2.90417913E-02
   3.70344642E-04   8.33764730E-04   1.48960610E-03   2.34184857E-03   3.39414994E-03   4.65115905E-03   6.11909200E-03   7.80582940E-03   9.72078089E-03   1.18746031E-02   1.42788459E-02   1.69455539E-02   1.98868886E-02   2.31147632E-02   2.66405195E-02   3.04746516E-02   3.46265472E-02   3.91042829E-02   4.39144336E-02
   5.36119158E-04   1.20866345E-03   2.16261321E-03   3.40541336E-03   4.94520459E-03   6.79286057E-03   8.96259490E-03   1.14716338E-02   1.43394219E-02   1.75866578E-02   2.12343037E-02   2.53026970E-02   2.98107527E-02   3.47753018E-02   4.02105302E-02   4.61275093E-02   5.25338091E-02   5.94331585E-02   6.68251887E-02
   7.76598463E-04   1.75425690E-03   3.14555573E-03   4.96524526E-03   7.23167928E-03   9.96952038E-03   1.32093802E-02   1.69858262E-02   2.13349145E-02   2.62918323E-02   3.18888761E-02   3.81537899E-02   4.51084301E-02   5.27676791E-02   6.11385927E-02   7.02197254E-02   8.00006464E-02   9.04615894E-02  0.101573355    
   1.12597051E-03   2.55045528E-03   4.58744122E-03   7.26763206E-03   1.06318686E-02   1.47327185E-02   1.96301956E-02   2.53857188E-02   3.20565552E-02   3.96912880E-02   4.83263545E-02   5.79833575E-02   6.86670765E-02   8.03640336E-02   9.30415615E-02  0.106647491      0.121110342      0.136340350      0.152231157    
   1.63461908E-03   3.71691701E-03   6.71580015E-03   1.06966123E-02   1.57457534E-02   2.19649505E-02   2.94573233E-02   3.83140966E-02   4.86043692E-02   6.03676811E-02   7.36087859E-02   8.82942006E-02  0.104350328      0.121663429      0.140081480      0.159418330      0.179460198      0.199974298      0.220719188    
   2.37740483E-03   5.43560693E-03   9.88558121E-03   1.58635937E-02   2.35367827E-02   3.30768675E-02   4.46284339E-02   5.82847968E-02   7.40717053E-02   9.19371694E-02  0.111746468      0.133282468      0.156252071      0.180299401      0.205025613      0.230013877      0.254856348      0.279179722      0.302665949    
   3.46692442E-03   7.98971113E-03   1.46654043E-02   2.37599444E-02   3.55563685E-02   5.02873436E-02   6.80759326E-02   8.88977870E-02  0.112561323      0.138704315      0.166808352      0.196233392      0.226270720      0.256207794      0.285392821      0.313287169      0.339496315      0.363777459      0.386027068    
   5.07540163E-03   1.18319821E-02   2.19871085E-02   3.60048898E-02   5.42698093E-02   7.69523084E-02  0.103914663      0.134670347      0.168396339      0.204003736      0.240264207      0.275969565      0.310083926      0.341847807      0.370814890      0.396826863      0.419949770      0.440397769      0.458463937    
   7.47073675E-03   1.76914539E-02   3.33539397E-02   5.51337041E-02   8.33103061E-02  0.117547594      0.156799197      0.199378610      0.243204951      0.286176920      0.326548845      0.363170594      0.395530641      0.423641890      0.447858632      0.468701482      0.486729085      0.502461910      0.516346931    
   1.10765025E-02   2.67227590E-02   5.10452278E-02   8.46844390E-02  0.127076998      0.176234618      0.228959873      0.281554073      0.330762416      0.374480546      0.411918133      0.443305671      0.469438940      0.491295129      0.509800434      0.525729299      0.539684176      0.552114069      0.563344955    
   1.65805947E-02   4.07720990E-02   7.84145743E-02  0.129084095      0.189484239      0.253928334      0.316111982      0.371289611      0.417381704      0.454596400      0.484356850      0.508378327      0.528177202      0.544917464      0.559427321      0.572272837      0.583833575      0.594364166      0.604037702    
   2.51225606E-02   6.27737045E-02  0.120117500      0.192803293      0.271336675      0.345010459      0.406824142      0.455160826      0.491946846      0.520171165      0.542480946      0.560788095      0.576345444      0.589937270      0.602048695      0.612983644      0.622939765      0.632053256      0.640424073    
   3.85801122E-02   9.71219987E-02  0.181542277      0.277648747      0.366896957      0.437780738      0.489327371      0.526102126      0.553155839      0.574142098      0.591299474      0.605907977      0.618688703      0.630058765      0.640274644      0.649508536      0.657887042      0.665510654      0.672463715    
   5.98976277E-02  0.149469182      0.266132116      0.378453970      0.464018106      0.521317422      0.558992326      0.585200965      0.604966998      0.620941281      0.634460866      0.646215379      0.656589210      0.665822864      0.674086154      0.681510687      0.688204646      0.694259524      0.699753702    
   9.30600986E-02  0.223552898      0.367692024      0.478943706      0.547999322      0.588886917      0.615007758      0.633727252      0.648451984      0.660711229      0.671233058      0.680410683      0.688491940      0.695654511      0.702037096      0.707752228      0.712893248      0.717538357      0.721752882    
  0.142446145      0.316020846      0.468796939      0.562481046      0.612542629      0.640905261      0.659442961      0.673200727      0.684250534      0.693511546      0.701454878      0.708364666      0.714435577      0.719812274      0.724606931      0.728908837      0.732789993      0.736309171      0.739514828    
  0.211286739      0.414835155      0.553171813      0.624417484      0.660270691      0.680789292      0.694477499      0.704696357      0.712865829      0.719667435      0.725476682      0.730526030      0.734972060      0.738926649      0.742473066      0.745675147      0.748583138      0.751237094      0.753669798    
  0.300113350      0.511384010      0.623852253      0.675344825      0.700367928      0.714524806      0.723854363      0.730750203      0.736250222      0.740854919      0.744831562      0.748336494      0.751468897      0.754296362      0.756867230      0.759218216      0.761377931      0.763369381      0.765211523    
  0.406912774      0.608178437      0.692936659      0.726032495      0.740030587      0.747059226      0.751402199      0.754617393      0.757299602      0.759686589      0.761877954      0.763917863      0.765827894      0.767620504      0.769304335      0.770886540      0.772373557      0.773771465      0.775086164    
  0.516013980      0.683344841      0.740483165      0.759814024      0.766552269      0.769164145      0.770501018      0.771515787      0.772508383      0.773553431      0.774651587      0.775782645      0.776924610      0.778058827      0.779171467      0.780252814      0.781296492      0.782298803      0.783257663    
  0.609427691      0.737716973      0.775012493      0.785233438      0.787084162      0.786641836      0.785855651      0.785286069      0.785037279      0.785075188      0.785334647      0.785753369      0.786280632      0.786877811      0.787516356      0.788175523      0.788840652      0.789501250      0.790150046    
  0.676305056      0.770732582      0.795670271      0.801233828      0.800846696      0.799003601      0.797172487      0.795751989      0.794781685      0.794195652      0.793909192      0.793846250      0.793945670      0.794160485      0.794455469      0.794804394      0.795188010      0.795592129      0.796006382    
  0.727728188      0.797532976      0.813628137      0.815535724      0.813216448      0.810101748      0.807310343      0.805109978      0.803481936      0.802329242      0.801548243      0.801049709      0.800762653      0.800632656      0.800618172      0.800688088      0.800818801      0.800992668      0.801196218    
  0.766964614      0.817128599      0.826895833      0.826524258      0.823075175      0.819181323      0.815748811      0.812987328      0.810859799      0.809260309      0.808078706      0.807220280      0.806608856      0.806185424      0.805904627      0.805731893      0.805640817      0.805611253      0.805627763    
  0.791325033      0.829043090      0.835857987      0.834748685      0.830954134      0.826726377      0.822928965      0.819789946      0.817291498      0.815339684      0.813830078      0.812669694      0.811782181      0.811107099      0.810597301      0.810216188      0.809935331      0.809732616      0.809590936    
  0.810925305      0.839037478      0.843585849      0.841979623      0.837964177      0.833489478      0.829398274      0.825943649      0.823129654      0.820875049      0.819081306      0.817657411      0.816527069      0.815628469      0.814912856      0.814341903      0.813885570      0.813520312      0.813227654    
  0.824532092      0.845849633      0.849479318      0.847998917      0.844078779      0.839532018      0.835250378      0.831544936      0.828458190      0.825930476      0.823874474      0.822204292      0.820845187      0.819735527      0.818825662      0.818076074      0.817455471      0.816938996      0.816506863    
  0.837161839      0.851954579      0.854793847      0.853517354      0.849744856      0.845161915      0.840715468      0.836778343      0.833433568      0.830644965      0.828337312      0.826430440      0.824852049      0.823540807      0.822446585      0.821528614      0.820754290      0.820097387      0.819536746    
  0.846313953      0.856548965      0.859242558      0.858442903      0.854959846      0.850424469      0.845867217      0.841735959      0.838161767      0.835135281      0.832595468      0.830469012      0.828686118      0.827186108      0.825918317      0.824840963      0.823920250      0.823128641      0.822443962    
  0.852586806      0.859886050      0.862957478      0.862875223      0.859817088      0.855411887      0.850795090      0.846500874      0.842714489      0.839457691      0.836686611      0.834336877      0.832343280      0.830646992      0.829197645      0.827953339      0.826879323      0.825947165      0.825133562    
  0.857847214      0.862721264      0.866340876      0.867071688      0.864502013      0.860267222      0.855615377      0.851173878      0.847187221      0.843711257      0.840720415      0.838159680      0.835968077      0.834088206      0.832469881      0.831070244      0.829853773      0.828790903      0.827857196    
  0.861325145      0.864834189      0.869323850      0.871032417      0.869059980      0.865070105      0.860433161      0.855876267      0.851708055      0.848022103      0.844814301      0.842041075      0.839647293      0.837578297      0.835784614      0.834223390      0.832858324      0.831658900      0.830599785    
