          51          19
   6.58111423E-13   2.16462373E-12   4.97561367E-12   9.42779622E-12   1.58768328E-11   2.46990726E-11   3.62813356E-11   5.10147029E-11   6.92917945E-11   9.15057197E-11   1.18049640E-10   1.49316684E-10   1.85699872E-10   2.27592126E-10   2.75386297E-10   3.29475142E-10   3.90251387E-10   4.58107691E-10   5.33436684E-10
   1.37498964E-12   4.52253946E-12   1.03955265E-11   1.96974433E-11   3.31713754E-11   5.16036137E-11   7.58023505E-11   1.06584665E-10   1.44770862E-10   1.91182223E-10   2.46640236E-10   3.11966231E-10   3.87981341E-10   4.75506468E-10   5.75362480E-10   6.88369861E-10   8.15349177E-10   9.57120827E-10   1.11450515E-09
   2.87276062E-12   9.44892255E-12   2.17193191E-11   4.11537471E-11   6.93047217E-11   1.07815049E-10   1.58373259E-10   2.22686453E-10   3.02468495E-10   3.99435346E-10   5.15303245E-10   6.51788179E-10   8.10605805E-10   9.93471305E-10   1.20209942E-09   1.43820467E-09   1.70350145E-09   1.99970351E-09   2.32852515E-09
   6.00204738E-12   1.97415920E-11   4.53780520E-11   8.59822352E-11   1.44797785E-10   2.25256994E-10   3.30887678E-10   4.65256500E-10   6.31944219E-10   8.34535885E-10   1.07661724E-09   1.36177358E-09   1.69358938E-09   2.07564788E-09   2.51153209E-09   3.00482417E-09   3.55910523E-09   4.17795665E-09   4.86495955E-09
   1.25400549E-11   4.12460135E-11   9.48080642E-11   1.79641954E-10   3.02524561E-10   4.70626871E-10   6.91319557E-10   9.72054326E-10   1.32031230E-09   1.74358394E-09   2.24936070E-09   2.84513346E-09   3.53839091E-09   4.33661995E-09   5.24730570E-09   6.27793284E-09   7.43598338E-09   8.72894024E-09   1.01642845E-08
   2.61998877E-11   8.61750879E-11   1.98081759E-10   3.75324050E-10   6.32060626E-10   9.83273685E-10   1.44436263E-09   2.03089612E-09   2.75850454E-09   3.64283714E-09   4.69954609E-09   5.94428151E-09   7.39268957E-09   9.06041198E-09   1.09630891E-08   1.31163560E-08   1.55358464E-08   1.82371949E-08   2.12360280E-08
   5.47393277E-11   1.80045118E-10   4.13850343E-10   7.84159460E-10   1.32055356E-09   2.05433448E-09   3.01767544E-09   4.24310409E-09   5.76327608E-09   7.61088703E-09   9.81863923E-09   1.24192283E-08   1.54453463E-08   1.89296703E-08   2.29048780E-08   2.74036367E-08   3.24586082E-08   3.81024563E-08   4.43678303E-08
   1.14366669E-10   3.76167097E-10   8.64652627E-10   1.63833047E-09   2.75900236E-09   4.29206581E-09   6.30473984E-09   8.86498164E-09   1.20410180E-08   1.59011595E-08   2.05137276E-08   2.59470365E-08   3.22693801E-08   3.95490396E-08   4.78542823E-08   5.72533558E-08   6.78145042E-08   7.96059680E-08   9.26959700E-08
   2.38945863E-10   7.85923049E-10   1.80650528E-09   3.42292439E-09   5.76429748E-09   8.96725449E-09   1.31722322E-08   1.85212112E-08   2.51567318E-08   3.32215144E-08   4.28582965E-08   5.42098029E-08   6.74187248E-08   8.26277073E-08   9.99793741E-08   1.19616331E-07   1.41681141E-07   1.66316383E-07   1.93664576E-07
   4.99228658E-10   1.64202163E-09   3.77429421E-09   7.15140303E-09   1.20430963E-08   1.87348217E-08   2.75199810E-08   3.86952017E-08   5.25582919E-08   6.94074132E-08   8.95407837E-08   1.13256583E-07   1.40852933E-07   1.72627836E-07   2.08879300E-07   2.49905213E-07   2.96003464E-07   3.47471882E-07   4.04608301E-07
   1.04303666E-09   3.43065665E-09   7.88552601E-09   1.49410972E-08   2.51609027E-08   3.91412946E-08   5.74952352E-08   8.08424403E-08   1.09805086E-07   1.45006084E-07   1.87068480E-07   2.36615222E-07   2.94269114E-07   3.60652820E-07   4.36388859E-07   5.22099583E-07   6.18407398E-07   7.25934513E-07   8.45303077E-07
   2.17921281E-09   7.16761805E-09   1.64749210E-08   3.12154640E-08   5.25664916E-08   8.17738268E-08   1.20118059E-07   1.68893834E-07   2.29400968E-07   3.02940805E-07   3.90815018E-07   4.94325036E-07   6.14771920E-07   7.53456504E-07   9.11679422E-07   1.09074085E-06   1.29194086E-06   1.51657957E-06   1.76595677E-06
   4.55302196E-09   1.49751571E-08   3.44201467E-08   6.52155947E-08   1.09820647E-07   1.70837879E-07   2.50942463E-07   3.52839095E-07   4.79243056E-07   6.32873082E-07   8.16448392E-07   1.03268769E-06   1.28430918E-06   1.57403031E-06   1.90456797E-06   2.27863870E-06   2.69895850E-06   3.16824298E-06   3.68920769E-06
   9.51261381E-09   3.12871791E-08   7.19113373E-08   1.36246342E-07   2.29428750E-07   3.56895043E-07   5.24233485E-07   7.37094126E-07   1.00114914E-06   1.32207776E-06   1.70556041E-06   2.15727641E-06   2.68290410E-06   3.28811984E-06   3.97859958E-06   4.76001742E-06   5.63804724E-06   6.61836248E-06   7.70663519E-06
   1.98746761E-08   6.53670895E-08   1.50236360E-07   2.84633700E-07   4.79286712E-07   7.45550722E-07   1.09509847E-06   1.53973156E-06   2.09129848E-06   2.76166202E-06   3.56268743E-06   4.50623747E-06   5.60417357E-06   6.86835256E-06   8.31062971E-06   9.94285801E-06   1.17768877E-05   1.38245696E-05   1.60977506E-05
   4.15241104E-08   1.36567891E-07   3.13864859E-07   5.94607570E-07   1.00119667E-06   1.55734688E-06   2.28743761E-06   3.21611788E-06   4.36813389E-06   5.76826187E-06   7.44128374E-06   9.41197595E-06   1.17051104E-05   1.43454527E-05   1.73577610E-05   2.07667890E-05   2.45972878E-05   2.88740066E-05   3.36216872E-05
   8.67562306E-08   2.85320681E-07   6.55685710E-07   1.24207907E-06   2.09126438E-06   3.25275983E-06   4.77747426E-06   6.71688122E-06   9.12265659E-06   1.20465402E-05   1.55402795E-05   1.96556157E-05   2.44442745E-05   2.99579660E-05   3.62483916E-05   4.33672358E-05   5.13661798E-05   6.02968867E-05   7.02110265E-05
   1.81259651E-07   5.96088682E-07   1.36970607E-06   2.59436570E-06   4.36765549E-06   6.79294317E-06   9.97651205E-06   1.40258253E-05   1.90487699E-05   2.51533602E-05   3.24476314E-05   4.10395878E-05   5.10372083E-05   6.25484390E-05   7.56811933E-05   9.05433553E-05   1.07242777E-04   1.25887309E-04   1.46584731E-04
   3.78705636E-07   1.24531209E-06   2.86106456E-06   5.41825057E-06   9.12040741E-06   1.41832270E-05   2.08285146E-05   2.92805453E-05   3.97644653E-05   5.25056894E-05   6.77296412E-05   8.56617044E-05   1.06527157E-04   1.30551212E-04   1.57959003E-04   1.88975551E-04   2.23825846E-04   2.62734800E-04   3.05927271E-04
   7.91229581E-07   2.60153843E-06   5.97560438E-06   1.13137721E-05   1.90402170E-05   2.96047310E-05   4.34699505E-05   6.11036521E-05   8.29754208E-05   1.09555345E-04   1.41313503E-04   1.78719813E-04   2.22243965E-04   2.72355421E-04   3.29523406E-04   3.94216971E-04   4.66904894E-04   5.48055803E-04   6.38138037E-04
   1.65311610E-06   5.43450005E-06   1.24786493E-05   2.36177166E-05   3.97346193E-05   6.17664627E-05   9.06773348E-05   1.27442050E-04   1.73039050E-04   2.28447665E-04   2.94647092E-04   3.72616021E-04   4.63332428E-04   5.67773706E-04   6.86916523E-04   8.21736874E-04   9.73209972E-04   1.14231033E-03   1.33001152E-03
   3.45385502E-06   1.13515371E-05   2.60525921E-05   4.92824365E-05   8.28754928E-05   1.28781321E-04   1.89006299E-04   2.65578943E-04   3.60534934E-04   4.75911365E-04   6.13744371E-04   7.76068482E-04   9.64916195E-04   1.18231773E-03   1.43030088E-03   1.71089103E-03   2.02611065E-03   2.37797853E-03   2.76851072E-03
   7.21612832E-06   2.37081440E-05   5.43724891E-05   1.02773163E-04   1.72710788E-04   2.68232281E-04   3.93504248E-04   5.52738726E-04   7.50161242E-04   9.89998225E-04   1.27647223E-03   1.61379972E-03   2.00618990E-03   2.45784316E-03   2.97295069E-03   3.55569227E-03   4.21023415E-03   4.94072726E-03   5.75130386E-03
   1.50765727E-05   4.95061686E-05   1.13414520E-04   2.14119966E-04   3.59462603E-04   5.57814143E-04   8.17799126E-04   1.14813354E-03   1.55755563E-03   2.05479795E-03   2.64857593E-03   3.34757962E-03   4.16046847E-03   5.09586511E-03   6.16234494E-03   7.36842910E-03   8.72257072E-03   1.02331415E-02   1.19084213E-02
   3.14989993E-05   1.03345672E-04   2.36364882E-04   4.45443322E-04   7.46644684E-04   1.15719542E-03   1.69485633E-03   2.37756362E-03   3.22327507E-03   4.24990198E-03   5.47527336E-03   6.91710273E-03   8.59295670E-03   1.05202151E-02   1.27160260E-02   1.51972584E-02   1.79804470E-02   2.10817382E-02   2.45168377E-02
   6.58083663E-05   2.15633074E-04   4.91920044E-04   9.24490101E-04   1.54590921E-03   2.39133253E-03   3.49703338E-03   4.89957863E-03   6.63545867E-03   8.74089077E-03   1.12516740E-02   1.42030353E-02   1.76294670E-02   2.15645451E-02   2.60407422E-02   3.10892481E-02   3.67397740E-02   4.30204011E-02   4.99573909E-02
   1.37481446E-04   4.49559884E-04   1.02145015E-03   1.91137264E-03   3.18425940E-03   4.91092401E-03   7.16442941E-03   1.00180665E-02   1.35443350E-02   1.78142618E-02   2.28967685E-02   2.88580470E-02   3.57609130E-02   4.36641797E-02   5.26220985E-02   6.26838058E-02   7.38928467E-02   8.62867534E-02   9.98966172E-02
   2.87185074E-04   9.35971912E-04   2.11299164E-03   3.92697472E-03   6.50408119E-03   9.98401921E-03   1.45103764E-02   2.02251729E-02   2.72657052E-02   3.57620902E-02   4.58350703E-02   5.75939827E-02   7.11349696E-02   8.65394026E-02  0.103872538      0.123182386      0.144498780      0.167832702      0.193175763    
   5.99774008E-04   1.94415171E-03   4.34400886E-03   7.98702147E-03   1.31091168E-02   1.99768730E-02   2.88597047E-02   4.00143526E-02   5.36754057E-02   7.00482726E-02   8.93035159E-02  0.111572355      0.136943117      0.165458679      0.197114766      0.231859341      0.269593030      0.310170949      0.353405654    
   1.25209801E-03   4.02340991E-03   8.84689484E-03   1.60033368E-02   2.59124134E-02   3.90562154E-02   5.58978729E-02   7.68408850E-02  0.102207080      0.132222563      0.167008504      0.206575572      0.250822097      0.299536109      0.352401853      0.409010649      0.468875766      0.531450629      0.596149087    
   2.61208136E-03   8.28379020E-03   1.77981686E-02   3.14715020E-02   5.00108376E-02   7.42158592E-02  0.104762994      0.142122790      0.186526999      0.237955168      0.296134382      0.360552013      0.430482805      0.505028665      0.583168983      0.663816452      0.745872915      0.828280389      0.910063088    
   5.44286845E-03   1.69443078E-02   3.53054404E-02   6.06349446E-02   9.40522626E-02  0.136698991      0.189266041      0.251887143      0.324135453      0.405065268      0.493292868      0.587113559      0.684641778      0.783955932      0.883229494      0.980833232       1.07540190       1.16586542       1.25144935    
   1.13158897E-02   3.42965499E-02   6.85800165E-02  0.113422222      0.170471191      0.240947023      0.324849010      0.420985162      0.527182817      0.640588164      0.758018136      0.876310170      0.992610574       1.10456765       1.21041965       1.30899417       1.39964545       1.48215985       1.55665064    
   2.34236009E-02   6.81375787E-02  0.128599659      0.202246144      0.291636169      0.397399753      0.517554402      0.648259461      0.784702718      0.921943843       1.05558801       1.18219793       1.29943836       1.40601265       1.50147867       1.58602393       1.66025150       1.72500324       1.78122878    
   4.80892807E-02  0.131406724      0.229466796      0.338986546      0.465040118      0.606729031      0.758785129      0.914229572       1.06629312       1.20958257       1.34054220       1.45738304       1.55972254       1.64814055       1.72378123       1.78805006       1.84241021       1.88826191       1.92687845    
   9.71891060E-02  0.241881028      0.383127868      0.527316511      0.685124695      0.853073359       1.02243960       1.18455613       1.33309579       1.46460330       1.57807136       1.67417407       1.75453031       1.82115340       1.87610161       1.92128837       1.95839834       1.98886645       2.01388955    
  0.190219104      0.413455755      0.586466789      0.751854956      0.926374972       1.10274124       1.27019012       1.42093170       1.55125821       1.66072476       1.75087941       1.82419181       1.88335288       1.93089521       1.96902955       1.99960482       2.02412844       2.04381132       2.05961847    
  0.349506795      0.636144221      0.812180161      0.979791045       1.15374160       1.32198763       1.47361660       1.60330677       1.71033537       1.79664040       1.86525846       1.91938353       1.96191180       1.99528253       2.02146816       2.04202843       2.05818105       2.07087231       2.08083582    
  0.578026116      0.867505372       1.02174532       1.17933619       1.34187150       1.49323905       1.62384105       1.73106277       1.81642544       1.88317466       1.93486631       1.97471714       2.00539374       2.02900982       2.04720044       2.06121659       2.07201004       2.08030534       2.08665466    
  0.834648490       1.06462121       1.19280553       1.33731985       1.48449492       1.61681342       1.72692633       1.81449151       1.88236618       1.93427742       1.97373807       2.00367570       2.02639103       2.04364061       2.05674648       2.06669903       2.07423949       2.07992530       2.08417702    
   1.05139947       1.20514178       1.31698430       1.45095778       1.58378911       1.69924366       1.79250562       1.86489761       1.91994452       1.96140778       1.99253786       2.01590824       2.03347468       2.04669404       2.05664539       2.06412530       2.06972528       2.07388592       2.07693839    
   1.19107819       1.28849638       1.39462066       1.52182937       1.64348233       1.74610460       1.82717395       1.88910484       1.93567455       1.97048533       1.99648619       2.01593900       2.03052735       2.04148865       2.04973054       2.05591965       2.06054878       2.06398439       2.06650043    
   1.26658463       1.33398151       1.43965888       1.56221545       1.67538571       1.76863503       1.84121287       1.89618123       1.93734777       1.96809673       1.99110425       2.00838184       2.02140880       2.03126550       2.03874087       2.04441381       2.04871154       2.05195212       2.05437469    
   1.29650331       1.35359597       1.46088088       1.58000100       1.68691909       1.77367210       1.84072161       1.89143109       1.92950118       1.95808637       1.97963238       1.99595988       2.00840282       2.01793385       2.02526450       2.03091860       2.03528357       2.03865027       2.04123735    
   1.30590439       1.35926712       1.46637213       1.58168340       1.68355191       1.76576543       1.82937860       1.87774360       1.91434574       1.94210303       1.96326566       1.97950888       1.99206364       2.00183225       2.00947833       2.01549315       2.02024317       2.02400398       2.02698588    
   1.30579579       1.35720432       1.46214581       1.57321835       1.67085516       1.74987245       1.81145930       1.85875046       1.89495409       1.92275572       1.94423676       1.96095777       1.97407484       1.98444271       1.99269521       1.99930549       2.00462961       2.00893807       2.01243734    
   1.29923403       1.34958065       1.45053363       1.55681527       1.65067840       1.72738898       1.78792071       1.83503652       1.87161839       1.90011668       1.92245686       1.94010210       1.95415008       1.96542168       1.97453260       1.98194778       1.98802030       1.99302101       1.99715936    
   1.29226196       1.33969867       1.43476272       1.53553176       1.62568307       1.70050073       1.76049590       1.80794549       1.84536159       1.87494743       1.89847541       1.91731882       1.93252563       1.94489133       1.95502102       1.96337688       1.97031415       1.97610819       1.98097384    
   1.28434074       1.32784224       1.41563165       1.51026249       1.59662485       1.66974437       1.72950840       1.77762961       1.81621480       1.84720469       1.87221265       1.89252067       1.90912688       1.92280304       1.93414474       1.94361353       1.95156872       1.95829177       1.96400476    
   1.27601171       1.31479919       1.39430952       1.48228693       1.56469715       1.63614011       1.69578373       1.74472666       1.78464305       1.81719697       1.84383559       1.86574614       1.88387704       1.89897621       1.91163158       1.92230499       1.93136108       1.93908846       1.94571745    
   1.26831293       1.30159605       1.37215686       1.45299053       1.53108752       1.60059154       1.65994179       1.70961332       1.75083327       1.78497279       1.81329739       1.83688724       1.85663116       1.87324691       1.88730955       1.89927888       1.90952277       1.91833651       1.92595804    
