          51          19
   1.91914995E-04   1.65911290E-04   7.54704015E-05   4.09395216E-05   2.62505982E-05   1.87794285E-05   1.44760079E-05   1.17810596E-05   9.99357690E-06   8.75950536E-06   7.88370562E-06   7.25119435E-06   6.79056893E-06   6.45557429E-06   6.21518848E-06   6.04798834E-06   5.93881123E-06   5.87669274E-06   5.85355838E-06
   2.30734237E-04   1.99509639E-04   9.08242582E-05   4.93605185E-05   3.17624326E-05   2.28490371E-05   1.77467737E-05   1.45780268E-05   1.24986818E-05   1.10828851E-05   1.00964680E-05   9.40188875E-06   8.91405125E-06   8.57804844E-06   8.35720493E-06   8.22629954E-06   8.16755619E-06   8.16817646E-06   8.21878530E-06
   2.77406769E-04   2.39945512E-04   1.09374589E-04   5.96214704E-05   3.85730127E-05   2.79710366E-05   2.19498725E-05   1.82493113E-05   1.58543517E-05   1.42541930E-05   1.31689285E-05   1.24348007E-05   1.19509159E-05   1.16524461E-05   1.14962677E-05   1.14528539E-05   1.15014891E-05   1.16273413E-05   1.18196094E-05
   3.33522534E-04   2.88644864E-04   1.31856883E-04   7.22165496E-05   4.70932209E-05   3.45266999E-05   2.74588110E-05   2.31719514E-05   2.04486023E-05   1.86782199E-05   1.75276145E-05   1.68026727E-05   1.63842960E-05   1.61962707E-05   1.61881217E-05   1.63254572E-05   1.65842848E-05   1.69475516E-05   1.74029537E-05
   4.00994439E-04   3.47364985E-04   1.59235162E-04   8.78346691E-05   5.79180669E-05   4.30792388E-05   3.48323483E-05   2.99162766E-05   2.68748972E-05   2.49809818E-05   2.38392913E-05   2.32204948E-05   2.29844445E-05   2.30418391E-05   2.33338324E-05   2.38205812E-05   2.44745261E-05   2.52762911E-05   2.62121102E-05
   4.82125237E-04   4.18301352E-04   1.92809646E-04   1.07459011E-04   7.19209274E-05   5.44681279E-05   4.49138352E-05   3.93539085E-05   3.60515951E-05   3.41428931E-05   3.31599804E-05   3.28324277E-05   3.29956383E-05   3.35452751E-05   3.44130567E-05   3.55531884E-05   3.69344234E-05   3.85352068E-05   4.03406375E-05
   5.79689106E-04   5.04248776E-04   2.34383566E-04   1.32517234E-04   9.03964756E-05   6.99557131E-05   5.89892516E-05   5.28326564E-05   4.94179294E-05   4.77196190E-05   4.71843159E-05   4.74933076E-05   4.84535922E-05   4.99437156E-05   5.18850575E-05   5.42257185E-05   5.69311196E-05   5.99782397E-05   6.33520031E-05
   6.97032432E-04   6.08847302E-04   2.86516733E-04   1.65107631E-04   1.15280971E-04   9.14593766E-05   7.90425911E-05   7.24632628E-05   6.92590038E-05   6.82118625E-05   6.86666099E-05   7.02476609E-05   7.27292572E-05   7.59710238E-05   7.98837282E-05   8.44101451E-05   8.95138292E-05   9.51722031E-05   1.01372279E-04
   8.38200038E-04   7.36956194E-04   3.52906791E-04   2.08343932E-04   1.49498606E-04   1.21925383E-04   1.08173917E-04   1.01594684E-04   9.92501955E-05   9.96904564E-05   1.02138445E-04   1.06151900E-04   1.11468267E-04   1.17927571E-04   1.25431470E-04   1.33920286E-04   1.43359444E-04   1.53731307E-04   1.65029836E-04
   1.00809487E-03   8.95213161E-04   4.38960356E-04   2.66890187E-04   1.97516216E-04   1.65939797E-04   1.51292159E-04   1.45610800E-04   1.45378610E-04   1.48863590E-04   1.55143076E-04   1.63698234E-04   1.74227549E-04   1.86553953E-04   2.00575421E-04   2.16237095E-04   2.33514904E-04   2.52405560E-04   2.72920035E-04
   1.21268467E-03   1.09284802E-03   5.52654325E-04   3.47805704E-04   2.66244548E-04   2.30738704E-04   2.16276138E-04   2.13280204E-04   2.17519133E-04   2.26916876E-04   2.40378999E-04   2.57302687E-04   2.77350860E-04   3.00339132E-04   3.26175534E-04   3.54826479E-04   3.86296480E-04   4.20615892E-04   4.57833026E-04
   1.45926944E-03   1.34283572E-03   7.05849729E-04   4.61898511E-04   3.66519060E-04   3.27896036E-04   3.15939600E-04   3.19065643E-04   3.32155236E-04   3.52715055E-04   3.79454490E-04   4.11688437E-04   4.49060637E-04   4.91404789E-04   5.38669818E-04   5.90877724E-04   6.48098707E-04   7.10435328E-04   7.78012851E-04
   1.75682874E-03   1.66349218E-03   9.16315650E-04   6.25914079E-04   5.15554508E-04   4.76168498E-04   4.71386767E-04   4.87108977E-04   5.17115230E-04   5.58416126E-04   6.09513081E-04   6.69663015E-04   7.38535484E-04   8.16039217E-04   9.02229105E-04   9.97252879E-04   1.10131933E-03   1.21467886E-03   1.33761100E-03
   2.11646594E-03   2.08063051E-03   1.21086161E-03   8.66098620E-04   7.41044409E-04   7.06329127E-04   7.17787072E-04   7.58160080E-04   8.19876674E-04   8.99384031E-04   9.95000824E-04   1.10600097E-03   1.23218354E-03   1.37365318E-03   1.53070211E-03   1.70374208E-03   1.89326354E-03   2.09981017E-03   2.32396345E-03
   2.55195773E-03   2.63039186E-03   1.63016724E-03   1.22401328E-03   1.08804333E-03   1.06943061E-03   1.11437833E-03   1.20169995E-03   1.32221275E-03   1.47178699E-03   1.64867134E-03   1.85233890E-03   2.08293879E-03   2.34101666E-03   2.62736087E-03   2.94291484E-03   3.28872330E-03   3.66589963E-03   4.07560403E-03
   3.08041670E-03   3.36278626E-03   2.23610923E-03   1.76597864E-03   1.63052545E-03   1.65096775E-03   1.76185009E-03   1.93722663E-03   2.16611335E-03   2.44393758E-03   2.76918197E-03   3.14191449E-03   3.56308371E-03   4.03415458E-03   4.55690781E-03   5.13332384E-03   5.76551352E-03   6.45567011E-03   7.20604509E-03
   3.72307305E-03   4.34575137E-03   3.12248105E-03   2.59816367E-03   2.49063107E-03   2.59503070E-03   2.83246022E-03   3.17154056E-03   3.59955966E-03   4.11197869E-03   4.70820535E-03   5.38971322E-03   6.15912257E-03   7.01972656E-03   7.97522254E-03   9.02955886E-03   1.01868389E-02   1.14512648E-02   1.28270928E-02
   4.50622849E-03   5.66917844E-03   4.42966213E-03   3.88979982E-03   3.86991305E-03   4.14471654E-03   4.62138467E-03   5.26313623E-03   6.05628407E-03   6.99752010E-03   8.08862038E-03   9.33403336E-03   1.07396916E-02   1.23123759E-02   1.40593695E-02   1.59882456E-02   1.81067418E-02   2.04226747E-02   2.29438879E-02
   5.46254031E-03   7.44818058E-03   6.36260631E-03   5.90656418E-03   6.09758263E-03   6.70699170E-03   7.63111236E-03   8.82965513E-03   1.02902120E-02   1.20133143E-02   1.40059227E-02   1.62783768E-02   1.88428592E-02   2.17125732E-02   2.49012634E-02   2.84229442E-02   3.22917067E-02   3.65216173E-02   4.11266014E-02
   6.63297391E-03   9.82581917E-03   9.20977071E-03   9.05386917E-03   9.69912019E-03   1.09495837E-02   1.27012115E-02   1.49161052E-02   1.75883546E-02   2.07275096E-02   2.43509021E-02   2.84798890E-02   3.31379063E-02   3.83493938E-02   4.41391394E-02   5.05318828E-02   5.75520433E-02   6.52234852E-02   7.35693946E-02
   8.06987286E-03   1.29780890E-02   1.33604100E-02   1.39259007E-02   1.54829565E-02   1.79306809E-02   2.11879686E-02   2.52325293E-02   3.00754160E-02   3.57446559E-02   4.22767811E-02   4.97124009E-02   5.80937676E-02   6.74633086E-02   7.78627098E-02   8.93322304E-02  0.101910196      0.115632527      0.130532309    
   9.84134432E-03   1.71258487E-02   1.93215478E-02   2.13537756E-02   2.46340651E-02   2.92474162E-02   3.51773761E-02   4.24419157E-02   5.10874540E-02   6.11757636E-02   7.27754980E-02   8.59571770E-02  0.100790016      0.117339827      0.135667354      0.155826852      0.177864730      0.201818198      0.227713779    
   1.20366234E-02   2.25540511E-02   2.77386960E-02   3.24454680E-02   3.87932993E-02   4.71681021E-02   5.76816238E-02   7.04310313E-02   8.55251178E-02  0.103078574      0.123204477      0.146008343      0.171583414      0.200006455      0.231333807      0.265597314      0.302800208      0.342913210      0.385870963    
   1.47723602E-02   2.96291728E-02   3.94131877E-02   4.86008152E-02   6.00859970E-02   7.46867061E-02   9.27261263E-02  0.114429973      0.139996484      0.169601604      0.203391850      0.241474599      0.283907712      0.330688745      0.381744474      0.436921686      0.495980561      0.558592141      0.624340594    
   1.82031449E-02   3.88093144E-02   5.52961826E-02   7.14711547E-02   9.10482630E-02  0.115413867      0.145190477      0.180769578      0.222430825      0.270355433      0.324611098      0.385128498      0.451677352      0.523847461      0.601040840      0.682478666      0.767225385      0.854229331      0.942375064    
   2.25454066E-02   5.06738611E-02   7.64817148E-02  0.102881849      0.134456396      0.173279196      0.220321015      0.276094884      0.340809971      0.414372563      0.496346861      0.585920513      0.681900561      0.782755017      0.886702180      0.991837561       1.09627688       1.19829071       1.29640996    
   2.81268656E-02   6.60316572E-02  0.104317918      0.144884080      0.193258539      0.252254605      0.323088437      0.406077802      0.500787854      0.606016517      0.719804406      0.839549303      0.962240100       1.08477008       1.20425689       1.31829727       1.42511272       1.52357996       1.61317062    
   3.54733653E-02   8.61550644E-02  0.140774533      0.200180069      0.270953357      0.356499314      0.457739234      0.573798597      0.702221751      0.839221537      0.980168998       1.12026823       1.25522673       1.38173020       1.49763465       1.60190463       1.69439638       1.77558887       1.84633458    
   4.54489850E-02  0.113160208      0.189107180      0.273019403      0.372538269      0.490942240      0.627351344      0.777712941      0.935794771       1.09451985       1.24737632       1.38943315       1.51771820       1.63104939       1.72957718       1.81428206       1.88656032       1.94793999       1.99991167    
   5.94670475E-02  0.150521189      0.254645765      0.370096862      0.505026519      0.660636485      0.831628263       1.00896871       1.18291616       1.34550607       1.49175096       1.61957633       1.72906351       1.82157171       1.89904487       1.96356595       2.01711655       2.06146836       2.09815192    
   7.97571987E-02  0.203483492      0.344815612      0.499464333      0.674260557      0.865201175       1.06090486       1.24895310       1.42014194       1.56976914       1.69687140       1.80280209       1.89000809       1.96124232       2.01914620       2.06606770       2.10400891       2.13463688       2.15931916    
  0.109586634      0.278774500      0.466981113      0.665314555      0.876644194       1.09057379       1.29278755       1.47296953       1.62669909       1.75403869       1.85749674       1.94051480       2.00660682       2.05895758       2.10028195       2.13281608       2.15836406       2.17836380       2.19395447    
  0.153365687      0.383943260      0.626171887      0.864503264       1.09834337       1.31580198       1.50631869       1.66565526       1.79468453       1.89696002       1.97691393       2.03886604       2.08659267       2.12320781       2.15119553       2.17249942       2.18862414       2.20072889       2.20970535    
  0.216678098      0.526378393      0.823113143       1.08727586       1.32314610       1.52565968       1.69192278       1.82371116       1.92564893       2.00324154       2.06170011       2.10544515       2.13800859       2.16212010       2.17985058       2.19275713       2.20200753       2.20847750       2.21282578    
  0.306037575      0.708100259       1.04613924       1.31344473       1.53189027       1.70715070       1.84320903       1.94594395       2.02203727       2.07769561       2.11805844       2.14711809       2.16786718       2.18250990       2.19265652       2.19948196       2.20384622       2.20637989       2.20754933    
  0.430293739      0.927735686       1.28124547       1.52866518       1.71596932       1.85767698       1.96220815       2.03756857       2.09101629       2.12846780       2.15441728       2.17214847       2.18401217       2.19167995       2.19633794       2.19883108       2.19976401       2.19957280       2.19857287    
  0.601082444       1.17657375       1.51084340       1.71907210       1.86670136       1.97271705       2.04732609       2.09877324       2.13365555       2.15691185       2.17207718       2.18162441       2.18726587       2.19018722       2.19121146       2.19091344       2.18969727       2.18784881       2.18557167    
  0.831594288       1.44001210       1.71992695       1.87687230       1.98274410       2.05569863       2.10493779       2.13735914       2.15814614       2.17100286       2.17849112       2.18235326       2.18376923       2.18353891       2.18220663       2.18014526       2.17761111       2.17478180       2.17178059    
   1.12691450       1.69493961       1.89542818       1.99867928       2.06658292       2.11194086       2.14119053       2.15922403       2.16967344       2.17508578       2.17718673       2.17712855       2.17567730       2.17334175       2.17046189       2.16726422       2.16390109       2.16047406       2.15705061    
   1.46503592       1.91254270       2.02802896       2.08394694       2.12105846       2.14523554       2.15977597       2.16758180       2.17090726       2.17134285       2.16995859       2.16745830       2.16430068       2.16078234       2.15709543       2.15336251       2.14966202       2.14604259       2.14253283    
   1.79039168       2.07218766       2.11724997       2.13816929       2.15330553       2.16271544       2.16720939       2.16816115       2.16679716       2.16401553       2.16042209       2.15640855       2.15222359       2.14802074       2.14389277       2.13989353       2.13605285       2.13238406       2.12889147    
   2.04201603       2.16956282       2.16729522       2.16570759       2.16674733       2.16681719       2.16510749       2.16195560       2.15788817       2.15333772       2.14860225       2.14387035       2.13925505       2.13481975       2.13059545       2.12659478       2.12281799       2.11925912       2.11590767    
   2.19649506       2.21764565       2.18972731       2.17573524       2.16861081       2.16315913       2.15779233       2.15227485       2.14671779       2.14126515       2.13601971       2.13104033       2.12635279       2.12196136       2.11785841       2.11402917       2.11045575       2.10711861       2.10399914    
   2.26924467       2.23348188       2.19494009       2.17510986       2.16363478       2.15513444       2.14778066       2.14104629       2.13479853       2.12900376       2.12364316       2.11869407       2.11412811       2.10991478       2.10602212       2.10242033       2.09908104       2.09597874       2.09309006    
   2.29050875       2.23032308       2.18894339       2.16696239       2.15356541       2.14370847       2.13554430       2.12840891       2.12203670       2.11629486       2.11109662       2.10637569       2.10207534       2.09814692       2.09454727       2.09123945       2.08819056       2.08537221       2.08275986    
   2.28454256       2.21812320       2.17816305       2.15617847       2.14227653       2.13202000       2.12368393       2.11656690       2.11034155       2.10482502       2.09989619       2.09546566       2.09146309       2.08783054       2.08452058       2.08149266       2.07871270       2.07615089       2.07378292    
   2.26665902       2.20173550       2.16468096       2.14370346       2.13009763       2.12002015       2.11190867       2.10507846       2.09918308       2.09401751       2.08944488       2.08536434       2.08169889       2.07838726       2.07537961       2.07263494       2.07011962       2.06780481       2.06566715    
   2.24436474       2.18423080       2.15062761       2.13110924       2.11819077       2.10857797       2.10087752       2.09444332       2.08893204       2.08413458       2.07991028       2.07615685       2.07279730       2.06977105       2.06702971       2.06453395       2.06225133       2.06015515       2.05822253    
   2.22095490       2.16662598       2.13642621       2.11851168       2.10648060       2.09750223       2.09033918       2.08439445       2.07933927       2.07496929       2.07114458       2.06776404       2.06475139       2.06204677       2.05960345       2.05738330       2.05535579       2.05349565       2.05178189    
   2.19852304       2.14980507       2.12275004       2.10649204       2.09549165       2.08727884       2.08074498       2.07534003       2.07075667       2.06680250       2.06334734       2.06029749       2.05758286       2.05514884       2.05295253       2.05095959       2.04914165       2.04747605       2.04594326    
   2.17794228       2.13439155       2.11022925       2.09553003       2.08549452       2.07798171       2.07201242       2.06709051       2.06293154       2.05935502       2.05623817       2.05349278       2.05105305       2.04886818       2.04689884       2.04511333       2.04348612       2.04199624       2.04062653    
