5.0
5.083333333333333
5.166666666666667
5.25
5.333333333333333
5.416666666666667
5.5
5.583333333333333
5.666666666666667
5.75
5.833333333333333
5.916666666666667
6.0
6.083333333333333
6.166666666666666
6.25
6.333333333333333
6.416666666666666
6.5
6.583333333333333
6.666666666666666
6.75
6.833333333333333
6.916666666666666
7.0
7.083333333333333
7.166666666666666
7.25
7.333333333333333
7.416666666666666
7.5
7.583333333333333
7.666666666666666
7.75
7.833333333333333
7.916666666666666
8.0
8.083333333333332
8.166666666666666
8.25
8.333333333333332
8.416666666666666
8.5
8.583333333333332
8.666666666666666
8.75
8.833333333333332
8.916666666666666
9.0
9.083333333333332
9.166666666666666
9.25
9.333333333333332
9.416666666666666
9.5
9.583333333333332
9.666666666666666
9.75
9.833333333333332
9.916666666666666
0.0