5.000000000000001e-07
6.367767102305414e-07
8.109691573840618e-07
1.0328125442749141e-06
1.3153419484564305e-06 
1.6751582375326326e-06
2.133403503223242e-06
2.7170033287536156e-06
3.4602488827383154e-06
4.406811800258022e-06 
5.612310241546866e-06
7.147576904810778e-06
9.102821015130407e-06
1.1592928839664356e-05
1.4764214176916456e-05
1.8803015465431967e-05
2.394664466098352e-05
3.049733121656169e-05
3.88399804857867e-05
4.946478999831537e-05 
6.299605249474369e-05
8.022883813022668e-05
0.00010217571122036875
0.00013012622651274445
0.00016572270086699938 
0.00021105671253721588
0.00026879199816304283
0.0003423209686531123
0.0004359640405237219
0.0005552234950070202 
0.0007071067811865475
0.000900538259811354
0.0011468835810388212
0.0014606175075026465
0.0018601744226653366 
0.0023690314986396597
0.0030170881682725836
0.0038424229565362125
0.00489353089915488
0.006232173014750696 
0.007937005259841009
0.0101082001968881
0.012873332935452233
0.016394877192679503
0.020879751926776376 
0.026591479484724942
0.033865669652892165
0.04312973942264591
0.054928027165305905
0.06995377687555462 
0.089089871814034
0.1134607109772024
0.14449827655296246
0.18402627435475682
0.2343672911592102
0.2984792653000107 
0.38012928925953887
0.4841149565539261
0.6165462588156211
0.7852045967871184 
1.0 